37	25.79
19	49.59
24	23.53
16	21.96
347	43.13
127	43.27
95	21.55
104	21.39
208	20.89
16	20.92
37	20.77
10	40.51
314	20.15
48	20.02
51	20.02
303	19.98
10	9.82
18	18.9
100	19.31
45	37.69
4071	37.87
359	18.82
557	18.9
1498	18.81
776	37.22
203	18.64
101	18.59
266	36.7
16	33.36
363	36.5
567	36.53
96	36.54
663	17.88
336	53.64
17	30.14
1150	17.75
850	35.18
65	34.81
143	17.49
39	16.29
164	17.36
530	34.69
42	17.33
2139	17.2
606	51.3
20	34.31
10	6.4
10	15.78
2970	33.51
145	33.62
356	33.86
274	8.46
14	16.91
670	16.82
87	67.18
15	8.4
45	16.49
30	16.76
388	32.89
1599	16.54
527	16.63
893	16.52
59	16.1
100	18.41
98	16.53
110	33.03
30	16.22
84	16.34
5857	16.43
157	47.86
565	32.47
120	32.88
62	30.48
4213	32.5
11	30.48
19	16.31
164	16.3
49	31.35
289	16.27
207	16.28
1163	48.58
260	16.09
23	86.64
20	31.52
385	32.31
806	47.1
10	51.59
23	30.46
403	31.23
143	16.85
43	8.02
89	31.85
941	15.99
3860	31.5
389	30.81
36	31.45
15	31.87
408	62.63
203	31.26
403	15.85
218	15.92
460	31.83
14	15.33
6804	31.41
332	31.73
617	31.7
1561	31.68
2148	15.74
69	45.54
155	15.68
193	15.63
67	15.77
2132	15.59
41	29.18
13	31.37
24	84.3
18	7.82
146	31.17
16	46.85
228	45.59
135	7.79
538	15.42
755	15.41
35	15.54
27	30.36
17	30.14
15	79.14
21	30.98
1805	15.43
41	7.73
13	7.72
138	14.99
10	43.97
1445	30.79
225	15.37
72	30.36
793	15.31
169	15.33
20	15.32
684	15.31
15	30.59
8432	29.93
22	15.28
9497	15.22
48	29.33
13	7.61
161	28.51
91	39.79
31	24.87
24	30.37
203	45.5
98	15.15
147	7.55
640	15.05
10	15.08
124	14.95
3946	15.45
30	15.06
135	29.11
35	14.81
172	14.98
10	7.5
1437	29.31
284	44.21
30	14.97
53	14.68
13	14.94
356	29.25
2321	29.57
19	33.69
241	14.62
55	14.51
451	29.68
532	29.31
25	27
403	28.69
249	29.64
200	14.82
129	7.4
18	29.6
12	66.61
170	29.59
146	27.35
342	28.89
17	22.79
696	14.75
281	43.28
29	101.58
20	29.46
74	87.24
492	41.82
11349	29.08
22	14.7
209	7.34
79	14.64
100	28.43
33	36.85
2540	42.92
146	14.48
17	45.64
39	28.87
2215	29.22
133	14.55
210	14.6
68	35.32
259	29.11
1276	14.51
22	41.15
439	60.21
14	28.91
156	26.5
751	14.34
1311	14.34
519	27.59
1581	14.36
32	57.26
222	26.63
43	28.5
82	24.81
144	14.29
827	14.37
81	14.24
19	43.13
19	13.24
651	7.17
22	7.17
16	11.2
3889	7.16
15	14.32
20	14.31
42	28.61
149	28.34
1319	7.15
399	14.29
59	21.91
26	28.55
12	14.27
3877	14.16
218	14.11
428	7.11
14	7.11
13	23.23
600	27.68
26	13.77
16	27.48
100	13.68
131	13.93
2081	14.16
59	27.85
84	27.77
20	24.76
12	23.57
16	14.14
26	65.22
97	13.86
18	13.72
91	13.64
145	14.1
11	28.18
39	14.05
12	30.73
54	27.95
22	12.13
551	27.62
366	13.37
198	7.01
28	12.88
26	14
99	14
29	37.15
26	13.98
338	6.94
336	13.68
13	26.86
1093	13.84
218	27.41
490	13.95
34	27.51
55	13.95
24	6.83
20	41.81
262	13.93
508	27.56
284	27.8
11	13.27
50	6.95
423	27.71
121	13.86
834	13.83
181	55.19
49	6.91
68	13.81
617	6.86
25	13.79
58	27.34
30	13.78
209	54.57
1014	26.56
10246	26.86
16	8.16
30	8.48
996	27.43
1039	27.39
2953	13.73
14	6.86
31	44.79
122	13.71
36	37.1
25	13.69
21	10.92
111	34.4
14	6.84
68	13.57
647	6.83
14	6.83
15	12.53
131	81.38
31	13.66
504	27.1
108	25.72
932	6.81
30	61.82
33	6.82
566	13.6
1017	13.6
133	39.33
757	13.51
338	6.79
55	6.79
13	13.05
77	13.57
16	12.08
31	13.56
252	27.11
17	20.13
3623	13.55
156	6.77
578	38.84
56	13.53
22	24.59
75	13.48
1336	13.51
667	26.83
25	135.21
12	26.95
161	13.3
10	26.93
19	25.51
59	26.56
20	26.9
282	13.45
30	13.11
10	13.44
13	13.44
141	22.54
113	13.44
92	13.1
25	13.43
116	22.88
42	6.71
110	13.05
212	13.32
156	8.97
11	6.7
100	21.28
138	25.94
48	22.85
280	20.53
6552	13.23
106	26
141	26.72
35	26.04
1453	13.22
1012	13.2
63	23.13
20	13.33
27	22.21
3004	13.18
586	25.81
10	6.66
21	105.85
236	13.18
117	84.32
65	6.54
48	12.93
141	13.12
180	12.93
359	13.17
147	13.13
20	13.24
26	19.86
30	23.37
82	39.55
640	6.6
247	12.77
245	12.86
202	52.59
61	6.6
34	24.64
22	13.19
79	6.55
22	22.45
19	13.16
12	13.16
56	13.16
597	26.3
41	13.15
45	6.57
15	11.83
55	36.79
1640	38.37
26	6.56
524	13.08
20	13.11
142	6.46
50	32.95
29	23.48
17	25.04
436	12.75
165	12.94
2308	13.04
287	38.49
56	38.15
18	18.72
275	12.28
227	26.16
154	26.13
30	25.38
197	13.04
34	13.06
11	6.53
1351	6.51
13	13.06
113	6.52
256	12.82
49	15.51
41	25.11
12	12.22
37	13.03
79	12.78
643	25.11
84	13.03
1600	6.51
209	25.59
77	12.94
507	6.5
691	12.97
16	13.01
18	6.51
11	37.26
1435	6.5
1824	6.5
83	24.39
36	13
15	13
33	19.88
617	6.5
213	25.25
1534	6.48
216	25.89
1049	26.06
41	48.86
18	6.3
3543	24.41
686	64.61
451	19.29
241	12.82
4407	6.46
23	35.42
1388	12.92
15	12.92
15	25.84
16	6.46
15	12.9
25	72.89
116	12.68
51	20.99
1805	6.43
709	25.03
20	25.76
62	9.66
51	12.56
301	12.85
3650	12.86
11	24.54
10	12.85
49	20.58
12	12.85
62	6.42
12	11.77
15	25.67
287	21.04
10	12.83
164	51.32
384	12.81
357	12.73
155	12.77
45	6.41
411	6.41
21	6.4
33	6.4
341	12.8
12	6.4
1545	12.8
21	12.8
19	25.56
22	41.83
23	12.5
2321	25.35
398	12.77
4850	12.67
198	75.5
1576	6.36
490	12.65
30	5.94
36	6.37
87	12.73
30	12.72
29	6.25
39	6.52
776	37.42
1409	25.42
22	5.63
320	12.71
1541	25.38
10	12.7
82	12.5
28	12.36
23	7.04
81	10.1
16	24.57
25	21.8
1550	6.32
57	36.49
56	12.65
99	12.52
276	25.3
937	12.59
67	6.32
184	25.15
71	6.32
15	74.98
247	12.42
11	9.48
15	6.32
37	24.92
235	12.44
18	44.9
213	12.61
17	6.31
10	12.62
879	12.57
64	22.67
38	12.28
10	23.95
17	12.58
15	12.58
10	13.2
29	12.57
44	25.14
10	25.13
93	14.83
63	24.68
85	24.94
596	12.5
456	12.45
377	12.53
13	17.38
85	24.69
115	6.27
17	20.67
30	41.93
10	37.64
213	6.27
24	20.37
316	24.87
42	12.53
112	19.82
19	15.16
59	19.57
160	47.63
68	12.51
2061	12.33
17	12.51
11	43.78
616	12.48
1948	6.25
41	22.86
467	24.69
24	12.49
25	6.25
38	35.24
3638	12.41
41	12.33
21	12.48
68	24.96
318	6.21
45	6.17
21	12.48
31	6.03
751	40.1
10	5.92
1286	6.24
27	20.07
96	12.16
1712	6.23
90	6.19
17	12.45
2012	6.19
241	12.36
918	12.42
48	12.32
141	12.33
5694	6.15
612	12.44
2561	24.4
45	14.92
44	6.21
10	19.88
2835	6.21
40	12.42
55	6.21
93	12.35
5048	24.71
21	12.11
217	12.34
2480	12.25
35	11.07
2959	12.27
111	24.51
457	12.23
8056	6.19
22	12.38
524	12.21
22	6.18
624	6.15
489	24.46
90	6.18
2041	6.18
10	12.36
61	21.32
12	6.18
48	11.84
376	21.13
134	12.28
179	6.17
20	12.34
681	6.17
816	6.14
146	9.25
11	6.17
14	12.32
29	22.31
11	5.6
42	23.76
466	42.2
32	24.62
514	6.14
106	18.37
15	18.03
13	14.89
67	12.29
74	12.27
107	24.34
14	12.27
14	6.13
12	12.26
223	51.06
350	12.19
23	84.86
24	23.06
15	6.11
24	6.11
28	23.56
15	91.2
132	5.94
107	12.32
18	5.93
11621	6.08
17	6.1
454	23.87
20	5.34
10	18.29
31	12.09
14	24.37
33	20.66
38	6.09
21	22.89
212	6.08
38	29.27
3529	23.94
12	23.79
19	11.51
58	12.15
108	11.89
734	6.07
36	12.14
646	12.05
32	20.68
480	24.21
32	17.45
19	12.13
124	6.06
59	12.13
31	5.96
164	11.83
12	12.11
24	10.97
737	24.21
16	6.05
1837	12.04
10	6.05
18	18.47
21	6.04
114	11.85
18	6.04
40	6.04
127	11.81
46	5.97
121	17.56
10	9.05
177	12.05
457	6.02
34	11.89
285	6.03
11	6.03
99	21.63
5800	6.01
838	12.05
803	6.02
19	5.55
13	62.1
10	36.14
13	6.02
75	23.64
13	6.02
12	6.02
12	12.03
956	12.01
10	12.03
315	12.01
12	11.78
1076	11.95
442	6.01
73	12.02
23	6.01
26	45.74
258	19.2
1110	11.91
21	12
16	15.93
59	21.94
7042	11.92
151	11.52
254	5.95
40	11.08
17	11.62
1636	11.86
119	11.89
406	11.78
61	21.78
575	11.97
50	21.53
60	23.73
2477	5.97
593	23.67
701	23.92
11	7.07
5669	23.4
92	11.95
314	23.39
37	10.98
66	11.94
19	23.88
1573	11.89
276	5.95
858	11.93
1409	11.79
2342	11.83
12	20.87
40	5.89
16	5.96
93	5.96
12	22.85
10	5.36
100	11.92
330	19.4
14	41.7
12	120.07
784	11.87
42	5.95
30	5.95
175	5.9
84	5.95
373	17.76
21	5.95
16	11.89
184	11.68
7393	11.82
305	5.7
17	10.48
103	10.32
485	11.82
81	19.52
14	15.04
5046	11.75
35	5.93
201	5.91
18	11.85
11	5.92
53	5.92
79	5.88
130	5.85
3967	23.03
13	11.84
1283	11.8
28	16.48
30	18.64
10	23.66
25	11.59
7421	5.9
14	5.7
386	11.81
17	54.23
114	11.82
24	11.82
10	11.81
16	5.9
5578	5.88
325	11.8
23	9.11
109	22.95
229	11.71
11	5.9
84	16.63
15	11.79
38	5.89
78	21.48
431	18.41
13	11.77
24	5.89
29	5.78
2623	11.71
1159	11.76
15	11.77
10	11.77
3357	5.88
2874	17.49
89	5.87
74	11.75
165	57.08
1598	11.61
11	5.87
13	5.87
10	11.73
123	11.49
19	5.87
13	11.73
664	11.67
16	68.1
220	5.82
22	23.43
555	11.71
5753	11.65
15	23.43
283	5.86
851	11.7
12	11.71
174	5.82
41	11.7
252	5.78
245	5.84
25	5.85
50	11.4
214	5.82
438	17.95
113	5.66
25	5.84
49	23.36
99	19.78
30	10.7
359	11.59
371	11.59
36	23.34
140	10.83
33	11.66
53	11.66
124	5.83
457	5.82
151	5.83
13	5.15
1169	5.82
311	11.54
322	8.74
14	7.07
222	11.64
29	5.82
1178	5.8
104	11.55
39	11.63
82	5.78
2447	11.55
25	11.61
19	5.81
10	11.61
38	5.8
16	11.61
84	11.29
632	11.57
3079	23.18
10	11.6
59	11.6
14	11.6
85	17.12
13	11.59
10	5.8
2749	11.59
15	19.9
112	11.59
42	5.79
29	5.79
525	5.79
25	23.16
53	5.73
39	23.15
53	11.41
4207	5.81
60	5.69
24	11.57
359	9.35
287	22.83
1787	11.33
178	11.55
788	5.77
167	11.55
18	5.77
89	11.22
29	5.77
838	5.76
21	11.54
1088	11.42
10	21.34
58	17.45
23	17.04
27	5.76
19	5.01
344	5.75
41	5.76
866	5.76
22	21.46
12	10.8
35	8.47
65	10.85
1580	5.73
59	5.75
47	11.51
164	11.47
276	5.74
1022	5.74
149	5.71
46	36.37
12	11.5
28	11.39
18	11.49
22	5.75
25	11.49
373	22.66
405	22.66
958	5.72
11	15.66
227	11.34
580	10.8
10	5.45
149	11.26
15	9.75
254	21.4
46	5.73
6385	17.03
13	11.46
14	5.73
434	16.1
192	5.71
13	20.48
86	5.72
650	11.45
148	11.23
307	8.5
11	5.72
343	10.92
34	11.42
13	11.42
20	11.41
323	5.71
85	22.49
62	20.43
81	11.3
13	5.7
28	11.4
10	22.8
85	8.78
328	5.68
17	34.68
177	5.6
15	5.5
36	20.56
518	36.08
20	82.52
1234	11.27
38	5.09
5090	11.34
1009	22.38
86	5.65
253	5.69
65	11.37
42	16.65
32	8.17
13	11.36
147	5.64
85	46
21	15.82
12	9.94
20	5.68
47	11.29
17	21.02
1456	11.32
1785	5.66
118	5.65
18	5.67
2673	11.29
20	11.05
16	10.62
10	2.83
833	5.62
803	5.66
27	11.32
205	11.26
75	5.66
16	5.66
492	5.63
944	11.22
40	16.2
27	158.42
11	5.4
33	10.1
786	22.22
107	5.65
143	11.26
740	11.12
23	79.57
24	11.3
621	8.47
10	11.01
174	22.14
794	5.64
80	9.66
179	11.19
1336	11.26
45	5.52
14	46.73
65	5.64
68	5.64
11	22.56
1573	5.64
47	5.04
32	13.91
16	5.63
243	10.75
17	5.63
1863	5.61
399	5.62
11	49.15
19	11.26
626	21.4
42	9.11
373	5.61
15	19.87
1482	5.61
92	11.09
453	29.4
1294	22.33
12	11.23
11	19.4
52	10.04
16	5.62
10	5.61
14	5.61
35	11.22
160	43.87
14	11.22
51	18.26
12	5.61
14	9.21
141	5.57
2908	5.6
21	20.29
13	51.28
18	5.6
20	11.2
32	5.77
10	6.71
13	11.19
12	44.75
353	5.58
30	11.19
20	5.59
4424	5.58
10	11.18
11	11.18
32	5.59
12	5.59
31	14.42
98	11.17
141	5.54
42	65.94
4230	21.88
131	11.01
1510	5.58
271	5.54
1189	5.56
14	8.37
741	11.15
19	21.71
2084	22.16
104	10.96
304	5.57
1509	22.28
38	5.57
935	21.15
83	10.77
249	20.12
30	5.57
104	66.79
11	36.43
177	17.26
207	5.56
5213	11.04
13	22.25
67	5.56
124	11.05
13	5.56
548	10.66
35	9.21
61	11.03
721	11.1
30	5.56
1864	5.55
517	18.21
10	8.61
953	5.54
22	32.92
376	11.1
12	5.55
230	11.1
5592	5.55
41	5.55
13	11.1
194	11.09
157	16.85
2517	16.55
4186	10.92
54	5.49
70	15.87
11	11.08
722	10.93
16	5.54
67	59.22
20	16.61
18	19.53
12	5.08
176	5.54
17	5.54
7984	21.69
1138	5.53
17	5.37
60	5.49
2921	21.71
12	22.12
59	11.06
170	17.6
40	5.94
58	5.53
35	22.11
14	9.67
59	16.16
62	17.69
1089	11.01
1012	11.01
166	11.29
19	11.05
1174	10.93
80	5.59
158	41.11
20	5.52
2406	5.52
112	10.17
2975	10.91
379	16.49
302	54.19
959	21.86
467	10.79
881	10.91
14	11.03
11	2.76
12	11.02
63	11.02
228	5.51
131	5.51
152	11.02
17	11.02
2648	5.49
178	5.42
10	22.03
17	2.75
13	5.51
25	10.79
52	5.5
22	21.52
548	8.24
700	5.49
27	9.37
221	5.49
49	22
308	8.25
46	5.5
810	17.47
11	12
490	10.99
10	5.22
94	2.75
14	5.5
35	10.83
10	21.98
2155	21.8
10	5.49
25	5.49
13	10.98
11	5.24
114	5.49
39	16.05
10	19.21
15	24.88
2436	10.93
83	10.81
227	5.44
234	5.46
105	5.48
280	5.46
4429	5.48
208	5.48
13	10.96
33	11.38
27	9.74
65	12.38
76	16.1
407	5.47
17	10.95
13	5.47
11	21.89
103	10.95
20	6.7
47	5.41
142	10.83
13	10.94
18	21.27
519	28.54
12	10.94
183	21.04
12	5.24
176	21.64
23	29.22
10	5.19
47	10.05
46	5.46
625	10.88
15	10.92
24	5.46
78	10.85
16	19.1
67	10.71
342	10.77
416	10.87
25	5.46
10	19.09
10	20.45
67	17.66
26	15.83
46	10.9
10	5.18
65	5.41
269	10.88
89	9.95
986	10.71
23	5.45
23	8.17
497	43.98
157	5.37
872	10.85
12	8.16
379	5.41
25	5.44
4775	10.76
342	5.43
114	5.41
22	10.49
3060	10.77
11	5.43
95	5.43
96	21.37
27	21.1
10	5.43
82	17.79
21	5.42
53	10.59
755	21.55
17	5.42
986	10.64
19	5.42
203	5.35
252	10.8
144	21.36
15	5.41
475	11.92
170	5.41
93	10.83
20	40.33
24	52.32
9704	21.18
29	5.41
28	10.63
272	5.41
11	5.4
1594	5.38
119	10.71
35	21.61
20	5.4
97	8.16
258	5.36
41	8.1
1238	5.36
29	5.21
100	10.79
78	5.39
283	8.02
3757	5.38
25	18.33
14	2.7
323	5.39
2640	5.38
11	10.76
129	5.34
26	24.31
96	5.18
1703	5.36
18	16.43
3100	5.36
43	10.75
28	10.36
11	20.52
96	5.37
3231	21.1
114	5.37
16	10.75
2006	5.35
36	5.37
22	21.48
526	21.06
13	10.73
131	10.36
417	28.46
71	4.08
71	34.33
31	4.93
87	5.3
30	8.58
114	5.36
91	10.72
775	15.92
141	8
86	5.35
3333	10.71
2106	15.05
10	136.97
16	10.7
48	6.29
143	10.66
784	5.3
89	10.33
938	10.61
11	5.34
31	39.03
24	9.57
56	5.34
137	10.27
35	10.07
409	5.29
136	5.34
142	5.32
1341	5.31
44	10.48
15	10.13
208	5.33
186	10.25
45	6.15
15	10.65
56	10.55
2370	10.6
10	17.02
37	10.49
4407	5.32
22	10.64
95	17.55
48	5.21
1108	5.29
48	5.32
24	2.66
68	5.28
129	10.59
12	9.3
127	10.48
14	4.74
10	5.31
16	10.12
14	21.22
3291	10.52
11	9.89
76	45.73
22	4.82
972	9.21
20	5.3
40	10.61
35	5.3
26	19.37
12	10.61
170	21.21
10	5.3
88	5.42
194	118.26
11	5.3
2251	5.29
21	10.6
71	5.15
15	40.26
81	17.07
127	9.78
28	10.31
20	5.3
14	5.29
198	5.22
533	10.58
1767	10.52
4235	5.29
1311	5.28
21	7.93
1988	10.49
15	10.57
155	10.48
36	10.42
322	10.54
262	5.28
221	15.42
25	5.27
172	5.27
21	20.07
1417	10.45
11	5.27
564	5.26
13	3.24
237	11.45
5524	20.63
61	10.52
121	5.26
24	10.52
781	10.49
224	24.82
17	10.52
33	19.84
322	5.25
479	7.86
19	10.52
20	10.52
12	5.26
105	10.44
31	5.09
44	5.26
12	20.14
57	10.05
95	5.25
3976	10.46
14	10.49
19	5.1
28	5.24
535	10.42
22	5.24
11	15.25
14	7.86
18	5.09
11	6.19
804	10.41
20	33.12
22	10.47
131	21.78
13	5.23
10	5.23
79	5.23
1299	5.21
275	5.2
184	5.22
46	5.17
128	2.61
421	5.22
10	3.92
56	5.22
29	5.22
235	10.42
537	5.22
31	7.58
42	13.11
27	10.43
41	5.09
104	5.19
15	79.6
150	10.32
40	10.3
27	10.62
27	5.21
14	9.12
54	5.11
127	5.19
26	5.21
69	5.17
110	5.21
34	51.45
20	10.41
1997	10.21
26	5.2
1203	40.39
27	10.11
107	5.2
16	10.4
20	5.2
84	16.89
24	6.06
563	15.19
285	5.19
18	10.38
29	55.14
29	32.49
43	12.37
321	14.24
17	5.19
30	109.15
162	10.57
1365	10.36
10	5.19
54	2.59
49	7.78
2516	5.17
13	67.03
412	5.16
31	10.37
1251	20.44
17	2.59
48	5.19
255	7.26
14	10.37
104	10.36
118	16.53
157	4.04
63	16.04
18	5.18
20	2.59
213	15.51
223	20.08
256	10.32
46	10.19
242	8.96
13	5.18
30	2.59
1044	5.21
104	7.69
17	10.35
141	15.12
398	20.55
175	2.58
25	4.86
1205	5.17
102	5.17
1040	7.73
26	10.33
14	2.58
88	5.1
12	10.32
5472	5.15
126	5.16
83	5.1
28	8.76
44	10.2
10	4.9
23	9.98
105	5.13
1400	10.3
148	18.26
101	14.4
20	10.31
17	14.25
43	22.54
219	15.31
12	15.03
220	20.36
296	5.14
32	10.06
139	10.3
19	5.01
4118	5.13
898	5.13
56	19.26
4513	12.63
49	6.35
8123	5.13
14	82.31
19	5.14
497	5.14
102	2.57
25	5.14
24	17.46
29	10.28
137	5.14
23	14.75
11	8.41
126	2.57
14	4.59
27	10.27
41	4.57
4423	5.13
29	14.69
69	5.09
149	9.32
1428	10.14
18	20.52
92	29.6
1779	5.09
1930	5.12
30	26.49
98	5.13
10	7.17
497	9.95
481	10.16
4674	10.18
11	40.01
30	20.13
30	8.27
230	5.11
186	5.1
65	5.11
16	5.11
15	8.86
468	10.17
18	10.22
69	5.11
373	5.11
3749	10.18
29	2.55
2627	5.09
336	5.07
10	5.1
231	17.93
795	10.18
145	5.08
700	10.2
671	10.19
56	7.65
154	10.2
3801	10.16
54	9.68
604	5.09
12	6.8
441	5.1
19	5.1
44	10.19
134	2.55
76	5.09
63	10.18
16	5.09
50	7.64
127	16.75
182	10.15
713	5.1
99	10.17
735	5.07
138	6.95
97	9.28
2232	10.08
16	12.07
185	5.11
25	20.33
40	9.97
20	5.08
23	5.08
42	5.02
37	5.08
24	5.08
285	8.04
4264	15.04
1093	10.12
62	10.15
13	37.64
160	5.07
913	5.06
17	10.14
895	5.06
12	7.6
94	3.13
157	5.07
687	5.06
21	10.13
161	10.03
11	14.72
21	13.98
2831	5.05
15	12.82
558	5.01
3111	5.01
25	10.11
83	9.56
2481	10.07
2176	5.05
20	10.86
69	5.01
229	10.07
134	10.1
852	10.03
12	5.05
73	41.47
10	2.52
228	5.03
2802	5.03
2412	10.03
29	2.52
278	5.01
20	4.91
30	5.04
114	5.04
1169	5.02
49	9.45
41	19.76
17	4.88
182	33
72	32.9
17	9.16
47	8.93
13	9.66
2724	5.01
18	9.35
712	9.91
30	4.85
300	2.51
102	4.95
92	4.99
1148	5.02
670	10.02
10	7.03
27	10.03
274	4.98
10	2.51
39	5.01
12	31.75
108	5.01
25	14.73
167	9.78
10	5.01
981	9.96
208	2.5
21	5.01
22	5.01
11	9.56
54	2.5
58	4.96
642	9.9
410	2.5
13	5
11	4.77
93	10
25	25.79
179	9.95
47	6.96
929	9.95
22	18.17
25	18.48
119	4.99
17	2.5
21	4.99
13	38.37
319	4.97
45	7.7
38	9.97
15	9.64
24	9.97
134	4.99
52	19.94
43	4.98
778	9.91
36	2.49
30	16.77
537	9.12
2170	9.85
272	4.97
13	4.98
158	4.98
176	15.81
399	4.94
203	15.87
318	9.91
18	8.29
13	8.98
32	4.97
25	4.97
35	15.19
2289	4.95
15	13.24
56	4.96
52	9.93
18	9.93
290	33.87
3918	4.94
33	9.92
5886	4.95
54	4.96
100	4.95
57	5.52
12	4.95
5382	19.56
109	9.9
93	4.95
17	4.95
119	9.89
344	4.94
68	2.47
459	4.93
21	4.95
150	4.94
584	10.26
3750	4.93
18	4.94
72	4.94
39	32.43
30	4.94
11	4.94
195	4.91
14	9.87
12	4.93
33	4.93
29	4.85
47	11.07
12	4.93
438	4.92
17	8.69
487	4.86
41	8.64
32	9.69
23	17.96
2018	9.83
3004	5.64
19	4.92
265	9.71
12	4.92
1652	4.9
313	4.91
22	19.65
23	18.48
35	4.91
472	4.88
50	4.76
21	4.91
244	4.91
13	4.72
74	4.91
10	6.38
105	4.81
12	4.91
307	16.43
34	7.35
12	4.9
61	8.92
74	4.9
21	9.8
33	9.58
368	4.9
5678	9.77
334	21.86
10	19.59
80	4.9
96	4.9
13	4.89
17	4.61
126	4.89
15	4.89
111	4.89
76	2.45
491	9.75
20	4.89
46	9.4
130	4.89
44	9.77
63	16.25
42	4.88
1403	4.87
42	4.65
140	42.23
118	4.86
253	16.7
51	9.28
229	13.9
112	8.56
78	4.82
27	7.05
532	4.88
1501	4.86
62	9.67
24	4.87
16	4.87
39	8
135	9.74
155	4.87
72	13.02
11	4.65
26	9.74
12	9.73
16	52.91
16	2.43
12	9.73
124	4.86
27	9.45
273	9.7
22	4.86
17	4.86
14	7.81
87	9.72
14	4.86
112	4.86
160	9.7
11	9.05
23	4.65
37	4.86
16	15.78
3449	9.68
14	4.85
62	9.63
31	9.31
109	4.85
140	2.43
105	4.85
53	2.42
52	9.46
29	4.85
41	4.79
175	9.63
2482	14.38
352	7.24
12	14.52
429	9.63
203	4.83
33	9.39
203	9.64
14	4.67
838	2.42
1627	4.83
132	4.82
40	9.67
41	4.84
31	2.42
21	2.42
543	4.8
1678	9.64
65	14.76
384	4.82
2002	9.59
25	4.83
604	15.09
33	8.63
3643	4.81
17	70.41
34	19.3
34	9.44
234	4.82
943	4.81
421	13.67
11	17.97
1329	9.62
25	34.31
474	8.68
1554	4.81
736	38.83
11	8.98
23	9.21
109	4.81
404	4.76
27	4.81
594	9.63
38	9.63
12	12.03
34	8.28
16	9.62
30	4.81
17	4.81
39	4.81
243	13.83
84	9.62
15	6.09
26	4.81
75	4.81
32	4.81
20	4.56
13	4.8
476	4.79
150	4.78
7968	9.56
36	4.67
134	2.4
444	4.77
13	4.8
21	24.66
26	4.8
11	4.8
32	4.8
164	4.75
84	6.96
12	9.59
487	4.79
155	9.09
26	9.58
38	9.39
3296	15.02
130	4.79
430	7.97
45	4.79
171	9.57
11	11.97
72	9.37
384	9.5
15	2.39
14	2.39
59	4.78
1190	14.26
30	4.62
12	19.13
232	4.78
21	4.78
46	12
104	4.78
39	2.39
14	4.78
20	4.78
142	4.78
2367	9.47
20	4.77
432	2.39
11	9.54
559	4.75
225	4.76
350	12.7
27	9.09
12	2.38
10	4.76
13	4.76
350	8.58
1275	9.51
431	4.76
56	58.38
957	4.74
617	4.74
1042	4.76
1533	4.75
22	4.65
66	4.4
278	32.35
11	4.75
420	4.73
205	9.23
10	4.75
4533	9.46
460	9.41
2408	18.77
22	7.56
1754	9.44
2309	4.74
374	4.74
17	4.75
61	7.04
15	9.49
1910	9.44
12	4.74
884	4.74
318	9.48
868	2.37
2941	4.73
109	15.59
33	4.74
1681	9.44
382	4.73
40	39.72
172	4.73
1002	9.44
34	4.73
78	16.74
343	4.72
10	8.99
217	9.46
323	4.72
10	2.36
36	20.1
22625	9.4
12	18.91
20	4.73
208	4.73
806	4.73
15	18.9
189	4.7
41	4.72
607	4.72
34	67.86
15	4.56
172	2.36
17	18.87
14	8.93
72	4.72
20	6.25
190	4.71
50	50.9
17	4.3
23	9.42
10	6.6
540	2.35
12	7.06
95	4.68
3344	4.7
18	6.01
319	7.04
139	14.99
16	2.35
70	2.35
11	16.24
14	50.36
10	8.93
38	2.35
36	7.77
142	4.7
149	30.27
703	5.88
532	4.66
45	4.69
26	18.78
91	4.67
35	2.35
143	2.35
10	17.83
27	14.6
1069	9.38
47	28.83
13	7.39
228	18.12
119	4.69
24	9.37
14	6.36
13	4.5
52	8.65
523	23.19
32	23.05
67	44.83
15	4.53
11	8.51
25	4.58
131	6
10	33.9
633	19.23
104	9.3
151	8.97
2024	4.67
1267	2.34
43	18.69
33	2.34
4146	9.28
72	9.34
1865	9.28
221	4.65
18	4.67
60	4.67
12	4.47
52	4.66
197	9.27
534	2.33
41	4.66
13614	4.66
323	4.66
179	2.33
2180	9.27
38	2.33
606	13.9
2180	4.63
811	4.65
12	4.65
12	4.65
35	4.52
70	4.55
21	7.75
910	4.61
93	2.32
1302	4.65
14	9.29
31	9.28
11	4.64
48	8.61
13	4.64
34	8.73
3205	4.62
15	9.27
58	18.53
30	4.63
2182	4.63
68	2.31
443	71.51
165	2.31
115	8.71
425	9.19
14	4.62
854	2.31
63	2.31
16	4.62
71	18.49
999	9.12
35	9.24
27	4.62
53	4.62
17	4.62
67	4.69
140	54.92
22	33.49
12	30.79
111	2.31
133	2.31
167	4.62
88	2.31
193	4.6
44	6.92
20	2.31
5610	18.36
35	4.61
572	4.58
13	4.61
1008	2.3
10	4.61
31	3.49
15	7.83
20	9.21
77	4.6
44	4.6
54	4.6
102	2.3
48	4.6
1197	4.58
20	4.6
34	21.22
2111	4.6
111	4.53
1453	4.59
29	2.3
62	6.89
1319	4.57
5774	4.59
339	4.59
364	6.84
68	4.59
27	5.1
127	4.59
168	4.59
21	8.52
24255	9.11
103	4.45
18	2.29
35	4.59
1748	2.29
21	4.58
12	9.17
52	11.59
20	4.58
1635	9.26
15	4.58
113	9.15
24	9.15
24	42.23
17	4.57
11	4.57
255	4.56
33	4.5
162	4.56
139	4.56
10	15.77
22	9.14
496	4.57
200	9.14
151	4.52
13	34.44
17	4.57
245	4.53
21	15.55
14	8.64
164	9.02
1580	4.54
940	4.54
37	4.56
15	4.56
32	14.75
12	4.56
18	4.43
11	8.91
69	4.56
114	4.56
16	24.93
20	2.28
29	4.56
14	9.11
323	4.56
79	9.11
12	4.56
32	4.48
495	4.57
94	2.28
66	4.55
32	4.55
267	4.54
21	9.1
33	4.55
12	12.32
11	5.58
13	6.82
17	6.96
69	4.55
15	24.56
14	14.29
74	9
17	17.65
13	4.55
161	4.54
26	4.54
154	4.53
114	8.41
40	12.89
167	14.16
25	4.45
34	4.54
120	4.52
65	22.27
124	4.47
15	4.54
27	9.07
2101	4.52
148	8.98
73	29.46
40	8.45
438	8.97
16	15.59
42	9.07
12	17.38
62	2.27
877	9.04
23	6.8
273	6.91
22	4.53
71	11.64
125	4.47
53	4.53
1505	4.51
524	4.53
2202	4.51
196	7.95
19	4.41
55	8.64
11	76.13
12	7.17
326	16.53
322	13.49
85	9.04
10	9.27
11	8.63
811	4.5
14	6.78
14	4.52
197	4.52
36	4.51
24	4.51
2795	4.49
780	9.06
11	6.76
298	2.25
31	4.51
30	4.35
154	37.23
85	8.93
161	2.25
74	9.01
42	4.5
237	9
11	2.25
15	48.01
183	9
10	3.6
472	4.49
1727	8.96
45	38.65
52	4.45
250	2.25
786	4.48
24	4.31
218	4.36
79	2.24
103	48.85
61	4.49
529	13.59
27	6.73
13	15.18
35	13.58
1702	4.47
19	55.82
31	4.48
11	2.24
41	8.97
78	8.88
101	2.24
11	4.48
259	2.24
69	4.45
71	8.96
24	4.48
96	2.24
18	8.96
31	8.02
2996	4.47
55	7.77
81	9.86
73	8.46
1091	8.93
28	26.52
513	4.44
44	4.47
260	2.24
37	6.04
13	43.35
10	12.3
7867	4.45
11	2.24
34	4.47
40	8.94
13	4.47
12	4.47
21	4.47
893	8.92
4308	8.9
10	8.26
60	6.7
12	35.35
10	5.36
37	4.46
77	15.8
18	4.46
2835	8.87
1988	4.45
1974	4.45
91	2.23
45	4.46
16	8.65
524	4.46
14	47.15
19	4.46
388	4.46
86	2.23
8033	4.44
10	2.9
25	31.37
333	4.42
161	4.43
59	8.38
130	15.53
276	8.94
131	4.69
16	4.45
364	4.41
57	2.22
188	4.4
3401	8.86
20	14.67
15	4.44
187	17.43
121	8.63
224	2.22
11	4.44
727	4.44
55	4.44
26	8.7
10	8.43
30	11.39
35	4.44
27	4.43
59	2.22
2131	4.43
60	6.57
21	4.11
16	2.21
14	2.21
225	29.68
65	4.43
32	2.21
170	4.41
10	17.7
309	4.42
10	2.21
16	8.85
25	4.42
12	4.42
52	2.21
16	4.28
46	2.21
108	4.42
402	8.39
24	33.5
29	8.68
33	4.42
23	4.41
263	4.4
102	4.39
340	4.41
14	4.41
64	4.31
19	8.82
14	4.41
15	7.05
11	8.82
16	4.41
601	2.2
27	18.93
107	8.81
10	7.49
77	2.2
94	8.6
1167	4.37
23	3.73
13	4.4
24	8.8
14	17.6
19	4.4
13	13.19
2946	4.4
28	15.31
16	4.4
27	2.2
10	22.85
1787	4.38
18	4.39
235	12.65
32	4.39
378	13.81
142	2.2
314	4.33
5763	4.38
44	4.34
22	14.67
44	4.24
75	2.19
1317	17.4
35	4.32
183	8.74
18	2.19
23	15.45
12	2.19
34	4.38
199	4.38
812	16.64
98	2.19
25	6.57
28	4.38
235	8.71
46	14
16	4.38
78	8.7
26	3.79
23	4.28
662	4.4
16	4.24
1408	4.37
267	2.19
313	2.19
26	8.75
33	2.19
2599	4.39
106	4.36
1959	8.71
250	6.44
104	8.07
31	3.81
10	4.37
10	4.37
11	2.78
17	4.24
269	4.36
12	2.18
30	4
193	4.33
21	17.05
20	56.75
12	2.91
177	8.53
1892	19.97
731	8.64
29	6.84
1451	4.35
188	4.36
15	4.36
51	2.18
16	7.76
28	10.19
1550	4.36
16	8.7
23	2.18
16	8.7
30	4.35
40	4.35
16	4.35
2027	2.17
10	4.35
1721	4.35
45	2.17
39	4.4
86	4.35
11	4.35
47	2.17
3835	4.34
14	2.17
47	2.17
1633	2.17
74	2.17
292	2.17
63	4.34
650	11.13
28	4.18
17	4.08
2631	4.31
115	8.64
22	4.34
29	4.34
139	4.29
22	4.33
72	4.33
36	4.33
37	2.23
16	2.17
5654	4.32
831	4.33
18	4.33
26	4.33
76	8.66
39	4.16
10	12.34
75	4.33
16	3.79
141	16.03
89	4.67
53	21.3
606	4.33
38	2.16
336	12.61
455	4.3
55	8.65
202	4.27
16	14.86
51	4.32
243	2.16
115	13.98
37	4.32
71	3.8
39	2.16
40	4.26
15	4.32
25	2.16
22	7.75
15	2.16
22	2.16
205	4.31
11	7.84
263	2.16
32	2.16
382	4.29
9123	4.31
44	6.47
12	8.26
38	16.16
313	8.61
36	6.4
20	2.15
135	4.06
491	2.15
41	4.3
25	22.63
639	2.15
21	4.3
83	4.27
34	4.3
25	2.15
2158	4.29
133	8.27
38	4.3
55	6.64
75	22.4
54	4.22
16	4.56
104	4.27
65	4.3
12	8.59
36	4.29
970	2.15
28	6.75
11	2.15
19	4.29
16	4.29
11	7.22
483	2.14
783	2.14
13	2.14
86	2.14
132	4.29
830	4.21
38	17.13
37	8.57
13	4.28
67	2.14
3087	2.14
11	4.28
59	4.28
857	4.27
85	4.28
17	2.14
16	16.04
606	30.51
17	2.14
120	2.14
3518	4.27
11	2.14
1444	8.51
87	29.35
267	4.26
1506	2.14
108	4.27
13	8.21
15	4.27
4145	4.26
18	8.3
1651	4.26
119	9.09
54	4.15
462	8.53
37	4.27
10	15.36
68	2.13
11	4.27
455	2.13
87	2.13
12	4.26
497	8.53
330	4.26
19	4.26
20	30.05
202	4.26
533	4.26
19	4.26
10	7.46
234	4.26
258	2.13
312	2.13
274	4.24
518	2.13
37	4.72
21	2.13
16	4.26
13	4.26
89	4.23
112	6.39
71	6.32
218	4.26
61	4.15
1447	4.24
64	4.22
97	2.13
112	4.25
171	2.12
149	8.5
225	4.25
27	4.25
27	4.25
10	4.25
36	4.19
1073	2.12
51	34.92
17	4.25
341	2.12
202	4.17
18	4.24
39	2.12
294	2.12
509	8.49
16	28.64
23	2.12
71	6.36
28	10.45
41	8.69
221	2.12
50	2.12
832	2.12
17	2.12
356	2.12
14	2.12
447	11.78
14	4.24
3219	4.22
35	4.24
53	2.12
2605	2.12
10	3.17
20	2.12
10	2.12
4862	8.47
25	4.23
18	7.99
35	4.23
49	13.98
158	6.34
12	4.23
30	4.23
91	4.23
47	8.36
41	12.11
26	23.39
33	4.16
60	4.22
13	20.46
16	2.11
133	4.22
278	4.19
39	4.22
69	16.66
177	4.22
152	4.22
25	4.22
53	8.43
78	22.72
20	8.43
1336	4.2
11	2.1
21	4.21
52	6.31
63	4.21
1897	4.21
27	40.05
42	4.16
44	2.1
58	4.21
11	5.74
159	4.18
12	4.21
10	4.21
39	28.95
18	4.21
28	4.2
279	2.1
53	4.2
20	7.46
151	4.05
534	4.2
116	2.1
70	8.09
432	4.2
18	10.61
850	4.19
39	2.1
208	2.1
22	4.19
969	4.19
10	4.19
10	15.09
4189	2.1
30	6.29
1506	8.31
484	4.18
331	6.57
404	4.19
12	4.19
83	4.19
130	4.15
2773	4.17
114	4.09
14	7.32
28	4.18
16	36.19
10	3.97
47	2.09
12	3.31
18	8.36
65	4.18
112	2.09
2657	8.32
26	3.94
32	8.22
20	2.09
90	16.68
983	4.09
23	4.17
525	4.16
12	2.08
10	4.17
111	2.08
61	32.53
97	36.23
19	2.08
18	2.08
20	2.08
124	4.17
149	2.08
775	4.16
51	4.16
5260	4.12
175	4.15
11	12.11
56	4.16
17	8.32
164	4.16
69	4.13
1320	4.16
72	18.37
14	8.32
19	3.94
2210	2.08
23	4.16
452	8.31
11	8.31
42	2.08
38	4.16
35	4.16
17	4.16
543	6.18
108	2.08
253	4.14
29	2.08
295	12.07
20	8
14	4.15
139	4.15
76	3.11
20	5.6
65	4.12
644	6.29
2216	4.15
551	4.14
39	2.07
44	4.15
36	8.29
139	4.12
5951	4.13
29	6.22
143	6.17
16	2.07
66	7.13
75	4.14
15	2.07
155	4.14
11	4.14
11	4.14
11	2.07
195	4.13
15	4.14
62	4.1
4785	4.12
23	2.7
23	47.07
10	2.07
46	17.6
167	4.12
34	4.01
36	4.01
27	4.13
121	7.76
14	2.06
435	8.25
335	2.06
28	2.06
24	2.06
118	4.12
32	2.06
319	4.09
52	5.98
25	8.23
21	4.12
65	4.12
2729	4.1
84	4.02
26	4.11
202	4.11
36	4.11
12	8.22
112	11.82
46	4.11
38	2.06
4480	2.06
16	8.22
164	16.34
32	4.04
643	4.11
17	4.11
115	8.14
21	3.13
12	6.84
16	3.98
13	8.21
5680	4.09
16	2.05
177	2.05
871	4.09
46	2.05
25	4.02
21	4.1
533	8.14
13	4.1
289	4.09
55	2.05
12	4.1
11	8.19
18	2.05
22	2.05
13	4.1
156	4.09
33	2.05
159	4.08
11	7.25
37	4.09
2260	4.07
1181	4.07
197	28.2
91	2.04
106	2.04
90	4.06
56	2.04
1045	4.06
30	13.55
30	3.95
480	2.04
399	2.04
64	3.54
770	4.08
87	4.06
11	3.9
245	4.06
181	4.06
13	4.08
172	2.04
437	4.05
18	3.96
10	2.04
116	13.11
14	8.15
21	2.13
58	2.04
13	6.11
27	8.15
20	2.04
12	2.04
37	8.15
13	7.83
123	39.34
1723	3.91
2854	4.05
3111	4.06
45	12.03
610	79.61
27	2.03
10	2.03
447	4.07
29	3.09
97	13.39
21	4.06
32	3.94
38	4.06
133	3.82
23	2.03
1611	8.05
310	4.06
21	2.03
16	7.61
27	4.06
59	5.4
33	2.03
10	4.06
488	2.03
24	2.03
426	4.05
115	2.03
10436	2.03
754	2.03
67	8.05
73	4.05
10	2.03
212	4.05
15	2.03
11	4.05
3677	4.04
13	4.05
13	2.02
13	21.49
29	3.98
56	2.02
82	8.02
19	4.05
64	2.02
307	24.86
215	6.07
144	4.06
252	2.02
150	7.1
23	4.04
88	2.02
15	4.04
3211	4.04
60	4.04
2759	2.02
178	4.04
401	2.02
122	2.02
16	2.02
149	4.02
12	2.02
56	4.04
10	6.05
22	4.04
11	4.04
82	4.03
31	34.61
4420	4.02
106	4
192	2.02
168	2.02
23	4.03
931	8.01
70	13.44
46	4.03
53	4.03
36	4.03
125	2.01
17	4.03
169	2.01
195	2.01
184	11.81
29	4.03
90	2.01
11	2.01
19	2.01
116	14.09
29	4.02
15	4.02
123	4.02
10	16.68
307	2.01
239	4.01
79	2.01
18	3.79
616	8.02
64	3.7
369	2.01
94	4.02
32	4.02
11	2.01
28	4.02
743	8.01
57	3.91
13	4.01
19	4.01
30	8.02
20	4.01
31	4.14
14	4.01
937	4.01
51	7.15
512	8
15	3.74
893	3.99
1163	3.99
59	4.01
3664	3.99
15	4
2757	8.26
1151	7.98
17	10.6
118	2
364	3.99
1804	3.98
55	4
111	2
39	6.46
10	8
16	4
50	7.92
13	6
29	2
26	2
1042	3.99
33	2
221	5.98
93	15.81
247	3.97
15	3.99
34	3.11
24	13.65
47	3.99
18	3.44
18	3.88
233	7.98
16	3.99
41	3.99
75	2
108	3.97
14	23.93
2261	8.05
57	3.95
29	1.99
75	6.27
12	3.99
13	3.99
377	3.99
2212	3.98
26	1.99
23	3.99
12	7.97
68	1.99
663	10.01
73	18.47
331	3.98
17	1.99
21	19.34
16	1.99
12	1.99
42	7.96
32	1.99
39	1.99
2375	3.97
1677	3.97
173	3.97
287	3.97
50	3.98
489	7.96
54	1.99
99	3.96
20	3.98
218	1.99
1856	3.96
11	3.98
14	3.98
23	3.98
411	3.97
69	3.97
28	12.77
42	1.99
65	7.7
39	5.19
59	3.9
558	1.99
20	15.89
55	1.99
18	1.99
20	1.99
92	1.99
42	3.97
32	3.97
217	1.98
33	3.96
418	3.93
226	3.96
24	1.98
10	1.98
1267	1.98
233	3.96
259	3.95
16	8.29
481	3.92
10	3.96
14	9.47
57	1.98
24	3.96
28	3.95
219	7.61
22	1.97
581	1.97
177	3.95
21	1.97
41	3.95
2486	3.94
121	3.95
94	1.97
18	1.97
59	7.82
223	3.94
26	1.97
23	3.94
15	3.94
21	7.88
131	7.88
34	3.94
32	9.54
196	5.89
30	3.94
21	1.97
252	3.94
106	1.97
30	7.87
60	7.77
11	3.94
124	3.94
12	1.97
158	1.97
13	3.93
525	3.9
534	3.93
13	1.97
37	3.93
5972	3.92
41	1.97
48	3.93
2018	3.93
10	3.93
58	1.97
152	1.98
22	3.93
55	3.72
28	1.96
12	1.96
333	33.41
1400	1.96
11	3.93
513	3.92
38	3.92
24	1.96
21	7.84
54	3.92
723	1.96
2510	1.96
92	3.9
655	1.96
12	1.96
185	3.92
13	45.8
19	15.05
3343	3.91
1128	1.96
862	3.9
141	1.96
52	3.88
201	1.96
27	14.35
59	1.96
16	3.79
30	26.8
12	1.96
24	1.96
259	3.91
21	1.96
44	3.91
10	11.34
19	3.91
724	7.82
13	1.95
827	1.95
12	7.82
180	2.9
54	14.47
48	3.91
20	3.91
293	3.9
16	6.59
1442	7.76
43	1.95
25	4.92
34	6.83
85	1.95
13	4.8
92	3.9
332	3.9
25	1.95
32	7.8
13	3.9
71	1.95
249	3.9
1706	7.72
91	3.9
11	3.9
385	3.88
993	1.95
18	3.89
161	3.89
20	1.95
15	1.95
3607	1.95
17	93.71
763	3.89
99	3.89
325	3.89
57	3.89
506	1.94
4475	3.87
151	11.68
755	11.34
26	1.94
273	3.85
58	6.59
274	7.77
15	1.94
90	3.88
46	3.88
180	1.94
52	3.84
263	1.94
49	1.94
40	3.88
56	3.88
596	1.94
45	3.88
35	3.88
36	1.94
7770	3.85
5265	1.94
600	1.94
2120	3.87
82	1.94
10	1.94
11	1.94
15	6.97
90	3.87
63	7.68
14	1.93
142	3.87
14	1.93
438	1.93
73	3.87
52	5.8
24	1.93
115	1.93
2256	1.93
30	1.93
24	1.93
80	11.66
15	3.86
94	1.93
50	13.36
491	5.86
140	3.86
252	7.72
11	1.93
562	3.86
70	3.86
60	3.83
634	3.85
477	1.93
11	1.93
1992	3.85
101	1.93
26	1.93
16	10.36
48	3.86
10	3.86
10	1.93
114	1.93
10	1.93
146	1.93
145	3.85
121	3.85
10	1.93
301	1.93
15	15.41
50	3.85
282	1.97
17	1.92
42	3.85
13	8.14
63	3.73
386	3.85
10	3.85
20	3.85
25	1.92
30	6.73
49	1.92
56	1.92
22	3.84
14	3.84
31	8.62
67	5.76
19	7.18
39	3.84
15	72.22
541	7.68
27	3.84
250	1.92
2239	3.83
550	7.66
172	10.6
31	5.76
49	7.68
568	11
84	8.27
164	3.82
10	9.2
77	3.81
106	3.83
65	3.83
219	3.82
320	3.83
67	12.47
159	3.75
23	3.83
4724	3.82
682	1.91
111	3.83
2996	3.81
290	3.83
16	1.91
11	3.83
905	5.7
141	1.91
20	3.82
3415	7.61
16	27.7
22	3.13
18	3.82
31	6.1
18	1.91
13	3.82
51	1.91
318	5.72
27	3.82
957	1.91
443	3.82
15	3.82
5872	3.81
36	3.81
264	3.81
11	15.25
248	3.81
658	3.8
13	3.81
561	1.91
35	13.01
316	3.81
15	3.81
40	3.81
101	6.07
42	3.81
198	3.79
246	1.9
469	3.8
49	1.9
1672	3.8
31	3.81
1500	3.81
37	3.81
66	5.25
45	57.59
105	3.81
30	3.42
73	3.8
338	3.79
267	3.8
280	7.3
36	3.8
56	3.77
32	3.68
186	7.53
407	3.8
161	1.9
374	1.9
314	3.79
41	1.9
91	12.27
105	1.9
3695	3.79
10	5.32
18	1.9
219	3.73
18	1.9
1453	3.78
148	13.03
32	3.79
3476	3.79
83	3.79
19	1.9
31	1.9
81	3.79
12	1.89
22	5.68
25	3.79
17	57.28
75	1.89
286	1.89
10	1.89
167	1.89
32	3.73
4535	7.54
20	13.35
149	3.79
71	3.79
73	3.71
67	3.5
29	1.89
68	7.57
40	6.91
43	3.74
43	1.89
33	3.78
74	7.46
82	44.4
13	3.78
31	1.89
101	3.78
28	3.51
185	7.56
33	3.78
29	1.89
11	3.61
76	1.89
54	1.89
27	3.78
26	6.98
403	1.89
23	3.78
27	3.64
30	3.78
38	1.89
70	1.89
68	3.77
203	3.77
815	1.89
262	3.77
164	3.76
265	5.65
171	3.77
36	7.12
64	1.88
119	1.88
37	6.47
230	1.88
72	7.53
229	1.88
11	1.88
24	3.76
221	20.8
14	3.76
10	1.88
36	1.88
43	3.76
37	1.88
84	1.88
17	7.3
97	1.88
13	3.33
30	8.4
24	2.82
15	10.78
40	3.71
36	3.76
62	3.76
78	1.88
82	3.76
1605	3.72
407	7.05
20	1.88
32	5.69
13	3.76
16	3.76
409	1.88
376	1.88
16	2.46
192	3.74
522	7.24
134	3.61
33	15.01
3110	1.88
43	3.71
27	3.75
494	7.5
12	3.75
46	7.41
3340	3.73
68	5.59
517	1.87
81	7.24
25	3.74
81	5.25
120	3.7
11	7.15
117	3.74
15	3.74
179	1.87
31	3.74
38	3.74
12	3.74
334	1.87
21	1.87
14	1.87
83	3.74
25	6.13
70	5.61
44	1.87
305	1.87
344	7.47
6574	1.87
58	1.87
29	3.74
17	4.72
10	1.87
1199	3.73
13	6.61
18	3.73
560	3.73
35	1.87
570	1.87
18	1.87
197	1.87
60	1.87
38	3.73
21	33.04
17	53.98
473	2.41
933	3.72
12	1.86
12	15.54
501	3.72
14	2.13
36	1.86
132	3.71
13	1.86
239	1.86
52	6.77
17	1.86
23	1.86
193	3.71
74	3.72
29	1.86
347	1.86
74	3.72
194	1.86
26	1.86
225	3.72
13	1.86
335	1.86
22	1.86
429	7.41
406	3.71
429	3.72
20	3.62
27	3.65
354	1.86
18	1.86
747	3.72
15	3.72
19	3.71
18	28.06
11	3.71
3220	3.57
12	1.86
45	1.86
31	7.07
21	3.71
22	1.86
64	5.57
185	3.69
17010	1.86
97	3.69
27	1.85
23	1.85
1000	3.71
153	1.85
305	1.85
363	1.85
313	1.85
19	3.71
914	3.7
877	1.86
452	1.85
27	1.85
280	1.85
24	1.85
17	67.67
13	1.85
41	1.85
69	3.7
20	3.7
421	7.4
1779	1.85
84	3.7
57	1.85
228	7.41
23	4.67
41	3.7
287	3.69
63	9.43
396	1.85
474	1.85
134	1.85
88	6.22
17	1.85
18	5.54
13	3.55
289	10.84
35	3.7
25	18.55
76	1.85
584	3.69
17	6.52
13	2.41
14	1.85
19	1.85
51	1.85
12	3.69
46	1.84
17	7.05
13	1.84
18	61.25
267	1.84
14	3.69
174	1.84
34	5.64
461	3.68
29	1.84
59	3.59
855	1.84
219	11.49
1307	3.67
45	3.64
235	1.84
28	1.84
279	3.68
303	1.84
174	1.84
56	1.84
134	1.84
804	1.84
120	3.68
20	1.84
28	13.66
58	3.65
94	3.62
13	3.68
12	1.84
17	3.67
34	1.84
1377	3.84
141	3.67
18	3.06
189	3.65
1134	3.67
62	15.47
393	1.83
97	1.83
156	1.83
11	6
19	14.67
176	1.83
10	1.83
75	3.66
49	1.83
4108	3.65
223	3.66
751	3.65
10	2.56
20	9.52
19	3.66
34	3.66
19	3.66
469	3.65
12	1.83
467	1.83
29	3.66
66	1.83
368	14.25
296	7.32
279	3.66
93	1.83
49	3.66
79	27.38
196	1.83
33	3.66
13	3.66
48	3.65
59	1.83
32	3.65
12	3.65
140	3.65
38	3.65
319	1.83
12	3.65
23	3.65
47	3.65
20	3.65
163	3.65
266	3.64
31	3.59
45	1.82
297	1.82
23	1.82
172	3.6
146	3.64
42	3.64
3334	3.63
32	50.56
10	1.82
16	3.64
15	5.83
101	1.82
1024	3.63
56	1.82
16	3.19
19	1.82
15	1.82
34	1.82
973	3.62
132	1.82
2533	3.62
516	3.6
29	6.58
36	1.82
86	1.82
19	1.82
59	6.53
16	1.82
136	3.62
36	3.48
47	3.59
14	7.27
1269	3.61
266	3.63
23	1.82
19	6.12
539	3.63
18	1.82
26	13.54
46	12.58
56	5.83
75	14.51
19	1.81
10	6.89
173	7.2
614	1.81
151	1.81
1940	3.62
38	7.1
111	1.81
14	1.81
17	1.81
187	1.81
38	1.81
97	3.58
444	3.58
17	3.62
171	4.58
66	1.81
11	1.81
272	5.42
12	30.43
28	1.81
10	1.81
4429	3.6
28	3.61
15	3.61
6642	3.59
13	3.61
15	3.61
17	3.61
62	1.81
954	3.6
36	3.61
20	3.61
240	3.61
22	1.8
53	13.28
389	1.8
78	3.61
766	3.59
1910	3.6
771	3.6
43	1.8
14	3.61
13	7.21
103	3.59
6402	1.8
583	5.9
156	1.8
350	1.8
26	3.39
12	57.74
505	3.6
30	1.8
23	1.8
71	3.6
23	1.8
25	3.6
12	1.8
20	1.8
440	1.8
19	1.8
38	1.8
16	3.59
15	44.92
18	3.59
2167	1.8
133	38.05
68	3.59
239	1.8
208	1.8
194	1.8
15	3.59
51	1.79
155	3.58
40	3.5
420	1.79
107	3.59
169	10.31
3318	1.79
219	3.59
23	1.79
75	1.79
436	3.58
19	10.76
55	3.59
769	1.79
195	1.79
153	3.58
13	3.58
28	1.79
34	3.58
12	7.02
686	3.58
21	3.58
66	11.56
893	3.54
78	9.46
389	7.13
31	3.52
12	3.58
567	1.81
40	1.79
3532	3.56
30	3.58
379	3.57
1047	1.79
1262	3.55
579	3.56
1161	3.55
701	3.55
14	3.57
19	3.57
27	7.14
130	3.57
23	3.57
57	1.78
1234	1.78
26	3.5
24	3.57
104	3.57
20	3.47
11	1.78
89	1.78
61	1.78
10	3.38
57	3.5
40	12.07
803	1.78
358	3.56
397	1.78
34	3.56
202	1.78
334	3.51
122	3.56
140	1.86
50	3.56
1234	7.09
103	3.49
15	11.38
270	1.78
154	3.55
24	14.23
104	3.56
47	3.56
48	3.56
46	3.55
1141	3.55
438	3.55
26	6.97
27	2.76
11	1.78
103	1.78
54	3.55
37	10.75
137	6.17
147	3.55
31	3.55
81	1.77
71	1.77
36	3.5
24	1.77
28	1.77
17	3.54
37	7.09
108	1.77
15	5.32
108	1.77
1623	3.54
14	3.54
14	1.77
13	100.22
19	3.54
23	1.77
310	3.53
29	3.54
95	3.54
29	3.54
10	1.77
444	3.53
2013	1.77
551	3.73
7507	3.52
13	1.77
984	1.77
10	3.53
187	3.52
24	3.53
737	3.51
104	3.53
36	3.48
35	3.53
1147	1.76
20	3.53
24	3.45
26	3.46
11	6.09
99	1.76
73	7.06
41	1.76
45	3.53
217	6.92
45	3.53
312	5.21
452	1.76
253	3.52
23	3.52
145	1.76
36	3.52
37	5.47
46	1.76
821	1.76
23	1.76
376	1.76
1488	3.52
12	12.32
1242	3.51
77	1.76
11	3.52
12	5.28
24	3.52
455	1.76
2260	3.52
4719	3.51
1433	1.76
10	10.72
747	13.9
48	3.51
27	3.45
4330	3.5
17	1.76
21	7.02
494	1.76
22	1.76
67	1.76
179	6.99
18	2.44
58	6.66
34	3.51
93	3.51
101	3.51
64	1.76
1105	1.75
67	3.51
272	3.51
107	1.75
19	1.75
13	3.51
403	1.75
26	1.75
66	1.75
73	1.75
14	1.75
655	1.75
28	3.5
825	1.75
48	3.46
31	1.75
129	1.75
24	1.75
15	1.75
660	1.75
96	6.99
18	5.05
21	3.5
57	1.75
12	1.75
382	1.75
20	1.75
59	5.48
15	1.75
257	1.75
232	1.75
1339	3.48
17	13.35
125	3.49
38	1.75
21	1.75
269	3.49
26	13.96
89	1.75
361	1.75
294	3.48
495	1.75
11	13.96
22	11.42
413	6.95
489	1.74
31	1.74
217	3.49
24	1.74
104	9.81
14	2.49
25	1.74
21	5.56
19	4.77
981	3.48
56	1.74
2262	1.74
126	1.74
45	4.1
11	1.74
594	1.74
10	1.74
13	1.74
10	4.88
526	1.74
19	3.48
92	3.48
10	6.96
4344	3.47
65	1.74
559	3.48
11	1.74
105	3.48
18	1.74
27	1.74
484	1.74
12	3.48
17961	1.74
30	3.3
98	3.47
69	6.8
218	1.74
10	1.74
68	1.74
196	6.97
19	6.66
23	1.73
56	3.47
3536	3.45
34	1.73
24	3.47
14	1.73
83	3.47
13	17.33
19	3.47
2368	3.45
2139	3.46
12	3.32
12	1.73
23	3.46
95	1.73
113	3.37
3520	3.44
73	5.19
107	6.92
201	1.73
143	6.92
25	3.46
233	1.73
13	3.46
325	1.73
79	1.73
15	1.73
25	6.5
142	1.73
434	5.17
516	1.73
23	1.73
54	1.73
857	1.73
667	3.45
15	1.73
95	1.73
19	1.73
218	1.73
39	13.8
13	3.45
9803	1.73
19	8.63
28	5.79
78	1.72
265	3.45
303	3.45
12	1.72
11	1.72
2931	1.72
10	3.45
1432	3.45
23	3.45
14	1.72
86	3.36
9121	1.72
28	11.32
52	1.72
13	4.1
22	6.88
1003	3.44
79	3.44
15	11.24
597	3.44
27	11.4
12	6.88
25	4.95
10	1.72
16	1.72
102	1.72
14	54.37
115	3.54
71	3.44
114	1.72
59	1.72
63	1.72
18	1.72
198	3.36
374	1.72
38	1.72
11	3.43
35	3.43
26	1.72
143	3.43
173	3.43
63	1.72
10	3.43
62	1.77
20	1.72
32	1.71
395	3.42
142	1.71
22	1.71
27	3.43
3379	1.71
198	1.71
29	1.71
17	1.71
417	1.71
186	1.71
10	6.85
11	3.42
11	3.42
81	1.71
254	1.71
11	3.42
2438	3.41
1051	3.42
103	6.71
55	1.71
40	6.71
20	3.42
20	1.71
11	9.94
35	5.46
118	1.71
122	1.71
304	3.38
1062	1.71
10	1.71
132	3.4
64	1.71
156	3.41
54	4.45
11	1.7
14	4.75
31	1.7
13	11.54
15	1.7
51	6.75
106	1.7
16	3.41
32	3.41
33	1.7
90	3.41
85	3.41
160	1.7
144	3.2
32	45.09
322	1.7
190	3.4
37	1.7
2379	3.38
32	5.79
35	1.7
107	3.4
152	3.39
31	1.7
61	6.8
50	1.7
17	3.4
336	3.4
71	1.7
441	3.21
701	1.7
206	10.55
11	1.7
27	3.39
2308	3.38
10	2.71
422	3.39
27	1.69
34	1.69
97	1.69
11	2.93
46	3.39
18	1.69
63	1.69
1157	3.38
744	1.69
2340	3.36
12	1.69
19	3.39
25	1.69
1833	3.36
1644	3.38
15	3.38
35	1.69
17	3.38
30	1.69
53	3.13
114	1.69
55	1.69
12	1.69
66	3.38
58	5.3
61	3.38
724	1.69
124	3.35
239	3.38
11	3.38
14	3.38
39	3.38
216	1.69
53	3.63
11	1.69
10	4.39
30	6.19
147	5.19
510	3.23
2249	3.37
15	1.69
148	1.69
46	3.37
465	1.69
13	3.37
27	1.69
33	3.37
27	1.69
147	5.11
222	1.68
134	6.74
11	3.22
1991	3.36
29	1.68
216	1.68
12	1.68
1010	1.68
92	3.35
42	3.36
63	1.68
176	1.68
67	5.04
279	3.36
52	12.83
441	3.16
21	1.68
10	1.68
193	3.29
50	6.72
114	10.21
1324	1.68
1500	3.33
37	3.36
126	5.25
365	3.35
15	1.68
213	1.68
3206	3.34
14	45.42
174	3.36
25	1.68
53	1.68
2961	13.33
15	26.15
684	3.35
15	5.59
12	1.68
50	1.68
34	3.74
25	1.67
65	1.67
64	1.67
491	3.35
41	2.86
308	1.67
729	3.35
23	43.51
134	3.35
18	1.67
203	3.07
14	4.9
1243	3.34
3074	3.33
298	1.67
14	1.67
11	3.19
86	3.34
46	3.31
112	1.67
382	3.34
17	4.33
33	1.67
21	1.67
48	3.34
708	3.36
26	3.15
2552	3.32
66	3.34
12	1.67
84	3.18
14	1.67
10	8.34
148	3.33
566	1.67
25	1.67
21	1.67
55	1.67
10	3.33
14	1.67
220	1.67
522	1.67
25	6.66
10	5.66
112	3.33
132	1.66
10	7.82
295	3.19
407	1.66
163	1.66
12	6.65
31	11.38
85	1.66
10	1.66
377	1.66
46	9
10	3.33
258	3.31
129	1.66
98	1.66
39	6.64
48	1.66
56	1.66
230	1.66
65	1.66
1899	3.32
15	1.66
11	1.66
235	6.63
37	3.27
36	1.66
10	1.66
60	8.7
10	1.82
36	6.49
16	1.66
53	1.66
95	1.66
83	1.66
291	1.66
420	3.31
715	1.66
20	1.66
35	3.31
25	3.31
10	1.65
383	2.98
1553	1.65
21	5.44
690	1.65
15	1.65
23	3.31
241	3.11
203	1.65
52	1.65
164	3.3
17	1.65
29	1.65
509	3.3
18	3.3
12	1.65
12	2.89
93	3.3
48	3.13
29	6.6
25	1.65
169	3.29
75	1.65
33	1.65
43	1.65
10	9.89
10	1.65
412	1.65
192	3.3
22	3.3
26	12.8
10	1.65
147	1.65
99	1.65
147	1.65
1001	1.65
12	3.02
376	3.28
16	6.59
21	1.65
33	3.24
32	3.24
42	54.93
11	3.29
93	6.58
38	3.16
203	3.22
88	1.64
489	1.64
2379	1.64
51	46.71
2650	1.64
27	3.29
100	1.64
14	3.29
25	1.64
411	3.26
300	1.64
28	1.64
642	1.64
13	1.64
49	6.56
80	1.64
37	3.19
21	14.05
68	1.64
37	1.64
24	1.64
1051	3.28
2194	3.17
19	1.64
173	9.77
137	1.64
403	1.66
835	3.27
19	6.55
1232	3.26
68	1.64
10	3.11
471	3.27
48	3.27
30	12.86
103	1.64
99	1.64
17	1.63
25	3.27
38	3.27
51	3.27
429	3.24
134	1.63
17	4.81
864	1.63
10	1.63
58	3.13
1216	3.27
18	1.63
307	12.43
40	3.19
240	1.65
206	3.25
23	1.63
12	1.63
128	3.26
325	3.26
45	1.63
266	1.63
96	3.26
30	3.26
26	1.63
12	6.12
729	1.63
74	1.63
123	1.63
135	1.63
35	6.52
22	3.26
72	3.24
13	1.63
20	1.63
111	1.63
355	3.26
22	3.26
16	1.63
106	1.63
2007	3.26
711	1.64
20	6.51
1455	3.24
142	3.25
46	6.51
14	3.25
72	3.25
16	1.63
280	3.25
13	1.63
101	1.63
109	1.63
20	16.09
16	3.25
330	1.63
16	6.3
10	25.98
80	3.13
89	3.25
119	1.62
322	1.62
689	1.63
23	3.25
11	1.62
136	3.24
16	3.14
27	3.24
930	1.62
10	2.76
84	1.62
478	3.24
91	3.24
23	1.62
156	1.62
16	1.62
85	1.62
12	32.13
29	3.13
2675	3.23
32	1.62
261	1.62
10	15.71
16	1.62
16	1.62
11	1.62
14	5.55
33	3.24
16	3.23
20	2.1
118	1.62
13	3.23
20	3.23
11	3.23
14	1.62
43	3.04
305	1.62
343	3.23
27	1.62
473	12.86
22	1.62
12	1.62
13	1.62
12	6.46
144	1.61
4571	1.61
27	3.23
1647	3.23
118	1.61
176	1.61
47	5.49
126	1.61
168	3.23
32	3.23
63	3.02
22	3.23
33	2.74
270	1.61
43	6.45
50	3.16
31	6.45
34	1.61
35	8.84
101	1.61
30	6.44
84	3.22
23	3.22
10	3.22
42	3.14
46	1.61
15	1.61
144	1.69
29	1.61
49	2.72
1492	3.21
33	11.55
50	1.61
111	1.61
18	5.45
32	3.21
113	1.61
36	4.81
11	1.6
45	12.7
14	8.25
180	1.6
527	1.6
18	3.21
13	3.21
10	33.18
796	1.6
1241	3.19
74	4.63
26	3.2
18	3.12
383	1.6
151	3.18
27	1.6
64	6.26
137	3.11
10	3.2
157	3.2
12	1.6
14	4.46
608	1.6
156	1.6
13	1.6
23	1.6
459	3.19
10	3.2
173	1.6
621	2.97
129	3.2
236	1.61
298	1.6
456	3.2
24	1.6
14	5.48
56	1.6
20	1.6
99	3.12
46	3.2
64	6.39
31	1.6
578	3.1
2071	1.6
27	1.6
330	3.19
37	3.11
146	3.19
70	6.15
673	3.18
27	3.19
86	6.38
12	1.59
110	1.59
480	1.59
3338	3.18
19	3.02
265	1.59
142	3.18
41	2.1
25	6.37
7639	1.59
23	1.59
10	4.46
67	3.11
15	1.59
34	1.59
10	6.36
27	1.59
81	3.18
20	3.1
100	2.96
17	1.59
68	44.89
23	3.11
211	3.18
40	3.14
41	3.06
867	3.16
21	3.17
878	3.17
40	1.59
1374	3.17
369	1.59
257	6.34
53	3.17
158	1.59
429	1.59
10	3.01
854	1.58
62	1.58
33	1.58
927	3.15
47	1.58
400	1.58
11	16.57
894	1.6
288	3.17
12	1.58
25	3.1
5629	12.56
16	4.95
12	1.58
538	7.22
17	47.83
12	3.16
125	3.07
1319	3.14
840	1.61
89	12.5
566	3.16
742	3.15
206	1.58
61	3.16
596	3.16
72	6.32
26	3.16
163	6.32
26	1.58
39	1.58
152	3.16
40	1.58
25	1.58
637	3.14
14	3.15
1008	6.28
15	1.58
185	5.11
11	1.58
20	2.99
1339	3.15
798	1.58
16	3.15
15	1.58
21	2.93
555	3.14
10	5.51
61	1.58
210	4.93
24	1.57
56	3.15
49	1.57
2800	3.14
90	3.15
16	4.13
49	5.39
26	1.57
17	3.15
26	3.15
18	1.57
327	1.57
39	1.57
294	1.57
352	1.57
21	1.57
17	1.57
96	3.14
15	5.13
81	3.03
47	2.84
60	1.57
31	2.03
139	3.14
27	1.57
117	1.57
10	1.57
135	1.57
11	1.57
4257	3.12
60	1.57
20	3.14
24	1.57
773	1.57
1937	1.57
290	3.14
1292	3.14
53	1.57
19	6.27
618	1.57
12	3.13
25	1.57
11	1.57
10	1.57
1837	3.13
15	1.56
12	3.13
40	1.56
101	3.11
809	3.1
85	1.56
14	3.13
701	6.22
394	3.11
20	3.13
90	1.56
23	1.56
761	1.56
22	1.56
509	1.56
19	3.12
61	1.56
1690	3.12
74	3.12
11	5.96
12	3.12
2026	3.11
137	3.12
303	1.56
3542	1.56
12	1.56
294	1.56
12	1.56
57	5.61
186	1.56
31	3.02
36	6.24
48	1.56
20	1.56
1194	1.56
10	3.12
14	4.68
506	1.56
71	2.85
55	8.95
19	4.02
10	1.56
14	6.23
31	1.56
10	21.18
332	3.11
98	1.56
10	3.74
187	8.6
15	1.56
107	1.56
42	3
59	6.22
14	1.56
12	9.33
12	1.56
25	3.11
44	3.11
15	1.55
53	1.55
211	8.77
135	3.11
11	1.55
41	1.55
1066	1.55
87	1.68
134	3.09
16	1.55
12	1.55
32	1.55
35	3.1
71	1.55
14	3.1
11	1.55
53	3.1
920	1.55
39	3.1
54	3.1
26	1.55
20	5.42
1099	1.55
517	1.55
11	3.1
434	3.1
2204	3.31
16	3.1
815	3.1
16	3.09
10	1.55
21	1.84
13	1.55
66	3.07
459	3.07
626	1.55
202	1.55
36	2.96
293	4.67
38	3.09
16	1.54
10	1.54
39	10.26
91	5.87
11	1.54
40	1.54
78	6.13
17	2.91
459	2.99
35	3.09
53	3.09
271	3.09
14	3.31
42	1.54
224	3.08
35	3.09
1902	3.08
658	3.07
281	1.54
67	1.54
23	1.54
61	2.96
45	1.54
77	1.54
25	1.54
18	9.16
11	3.08
25	4.87
165	1.54
918	3.08
2214	3.06
290	6.7
50	1.54
291	1.54
40	4.19
154	3.07
22	1.54
13	1.54
20	2.92
20	3.08
53	9.38
193	1.55
394	3.07
130	1.54
50	1.54
147	1.54
23	1.67
27	2.9
16	10.56
104	4.59
21	5.12
33	10
11	1.54
837	3.06
190	3.05
265	5.2
12	3.07
2706	12.13
1245	3.07
112	1.53
2370	2.98
33	1.53
17	1.53
6105	1.53
421	3.05
19	3.06
889	1.53
130	1.54
35	3.06
81	3.06
40	3.02
16	3.06
22	1.53
38	5.07
37	2.85
47	2.8
73	3.04
69	3.01
16	1.53
26	4.53
34	6.11
32	3.01
89	3.06
63	1.53
584	3.72
216	1.53
817	11.47
30	3.06
22	1.53
67	5.99
23	3.05
47	1.53
298	6.1
16	1.53
37	3.05
322	1.53
23	1.53
639	3.05
55	10.54
44	12.41
58	4.34
10	3.05
184	1.53
18	1.52
409	1.53
86	6.1
1034	1.52
14	1.52
34	3.05
15	1.52
17	3.04
31	1.52
102	3.03
294	5.42
10	1.52
421	1.52
136	3.04
33	3.04
1223	3.03
193	1.52
655	1.52
22	3.31
27	3.04
20	1.52
14	3.03
48	1.52
20	1.52
366	2.98
78	2.86
10	3.64
485	1.51
14	1.51
178	1.51
13	2.91
18	5.8
222	1.51
404	1.51
294	1.51
10	3.03
40	6.05
39	1.51
27	9.86
10	1.51
113	3.01
91	3.62
251	1.51
240	1.51
603	1.51
4179	1.51
200	1.51
276	1.51
69	2.91
21	1.51
15	1.51
54	2.99
59	4.76
1235	1.51
12	1.51
14	3.02
102	1.51
18	7.04
19	5.32
1299	3.02
260	3
14	3.02
11	10.7
117	1.51
97	1.51
276	1.52
331	4.69
272	1.51
61	1.51
54	2.85
142	2.91
85	11.03
15	3.01
320	2.99
629	2.98
46	3.01
80	1.51
98	2.9
11	1.51
38	2.65
59	4.84
16	1.5
946	1.52
109	1.5
951	2.79
82	1.5
368	1.91
481	2.99
17	3
222	13.61
15	1.5
3182	1.5
370	3
625	1.5
146	1.5
790	1.5
175	1.51
253	2.69
25	6
112	1.5
122	4.42
34	6
32	3
95	1.5
1939	2.98
133	1.5
47	3
28	1.5
161	1.5
14	3
90	2.95
1883	3
47	1.5
366	1.5
99	2.69
33	1.5
39	2.99
244	2.84
36	1.5
190	1.5
201	1.5
171	2.97
85	2.81
57	1.5
38	1.5
120	2.99
12	1.49
192	1.49
273	1.49
391	2.97
54	1.49
67	1.49
105	2.99
10	1.49
101	1.49
81	1.49
41	1.49
203	1.49
39	2.79
32	1.49
135	1.49
87	2.81
43	1.49
228	2.79
10	2.98
33	8.81
27	2.87
69	3.39
16	1.49
1100	2.98
802	1.49
26	2.86
74	2.98
473	2.98
58	4.57
13	37.21
10	1.49
331	1.49
13	1.49
15	4.46
65	1.49
45	1.49
30	1.49
128	1.49
386	2.97
263	1.49
1879	1.49
23	2.97
11	2.97
1283	2.97
25	1.49
145	2.91
1823	2.94
81	2.92
1840	2.95
158	1.49
31	5.37
1863	2.95
84	2.97
15	5.94
483	1.48
45	2.97
28	2.97
12	5.44
30	1.48
1701	1.48
231	1.48
17	4.71
785	2.97
4204	2.96
13	1.48
136	1.48
10	1.48
128	1.48
10	1.48
12	2.96
372	5.93
263	1.48
61	1.48
51	1.48
4413	2.92
58	2.96
10	1.48
15	1.48
79	2.96
10	1.48
12	1.48
14	2.75
16	2.96
32	2.96
100	1.48
205	1.48
82	2.89
1934	2.94
13	3.19
84	1.48
314	1.48
220	9.01
13	1.48
299	1.48
58	1.48
45	1.48
83	2.95
102	1.48
16	4.98
192	5.88
359	1.48
12	4.43
42	2.95
10	1.48
1381	2.95
160	2.85
37	1.48
1453	2.95
2310	1.48
21	2.74
11	2.95
24	2.89
1425	1.47
2527	2.79
56	5.74
100	2.95
15	2.95
10	1.47
33	11.34
22	1.47
10	7.51
29	2.89
48	4.3
326	2.89
169	8.12
121	2.9
6022	2.92
10	2.95
10	1.47
653	4.68
1435	1.47
105	1.47
500	2.94
46	2.94
11	2.94
13	1.47
160	1.47
68	1.47
207	4.91
17	1.56
67	1.47
18	2.69
14	2.94
71	1.64
442	2.91
42	2.94
14	1.47
143	2.91
57	2.94
89	2.94
12	5.38
190	2.94
25	5.87
42	4.68
45	2.94
17	1.47
62	1.47
19	2.94
10	1.47
129	1.47
180	4.46
1226	2.93
48	2.93
20	1.47
34	2.89
362	4.44
846	4.74
14	1.47
1593	2.92
72	2.93
182	1.47
517	2.93
142	1.46
144	1.46
37	1.46
24	5.85
1815	1.46
79	2.93
21	3.62
406	1.46
36	2.93
178	8.47
61	5.85
161	1.46
130	1.46
101	2.71
986	1.46
65	1.46
319	9.78
27	1.46
64	1.46
253	1.46
54	5.84
21	3.83
43	8.97
262	2.92
87	1.46
24	1.46
19	1.46
104	1.46
122	2.92
22	1.46
17	1.46
15	2.92
12	1.46
29	1.51
62	2.92
12	2.92
98	1.46
2428	2.91
39	1.46
139	1.46
207	1.46
31	2.91
26	1.46
104	1.46
58	2.74
1061	4.53
23	1.46
56	1.46
30	2.86
178	2.91
171	2.74
24	2.85
9437	2.79
1949	2.9
46	1.45
19	1.45
36	4.77
27	3.45
28	2.91
268	2.9
16	1.45
60	2.91
18	2.91
6199	1.45
27	1.45
15	2.91
57	4.31
699	1.47
2455	1.45
35	2.86
61	4.4
399	1.45
10	1.45
195	1.46
152	1.45
72	1.45
21	1.45
13	2.57
15	1.45
23	1.45
471	1.45
167	1.45
103	1.45
59	2.41
19	1.45
13	1.45
17	2.39
532	2.9
10	1.45
16	2.9
473	2.89
90	2.9
101	2.9
119	1.45
106	2.9
267	2.9
15	2.8
11	1.45
703	1.45
51	2.9
11	1.45
12	1.45
21	12.74
58	1.45
19	1.45
17	2.89
33	4.42
67	1.45
66	1.45
26	5.34
16	1.44
20	2.46
239	3.43
54	1.44
100	2.89
18	1.44
1059	1.44
20	3.68
46	2.73
61	2.86
10	2.88
20	1.44
889	5.75
1396	1.44
87	4.54
20	1.44
468	2.87
19	1.44
548	5.76
24	5.64
11	19.49
56	2.75
411	1.44
12	2.88
18	1.44
904	1.44
31	1.44
17	1.44
444	2.87
1176	2.57
70	5.75
54	2.85
23	2.87
24	2.87
46	2.84
58	1.44
138	2.86
2458	2.87
189	2.87
109	2.86
34	2.87
15	1.44
206	2.57
13	1.43
37	9.15
265	2.73
55	1.43
1149	1.44
12	1.43
20	4.73
20	2.87
27	1.43
11	4.69
29	1.43
11	1.43
14	9.42
5419	2.86
34	2.87
528	2.86
83	2.87
108	1.43
21	1.43
31	4.2
357	1.43
2533	2.73
15	10.41
13	2.86
2014	2.86
10	1.43
335	1.43
40	2.86
10	2.86
124	1.43
24	2.86
33	2.82
1074	1.43
12	1.43
784	2.77
26	2.86
11	8.84
1806	4.12
17	4.96
824	1.43
180	2.84
19	2.86
10	2.85
83	2.42
675	1.43
13	1.43
277	4.2
24	3.92
81	4.84
37	2.85
19	2.78
77	2.68
869	2.84
138	1.42
13	2.85
15	2.85
32	2.85
165	2.85
21	4.88
21	1.42
18	4.9
14	1.42
14	1.42
9288	1.42
925	1.42
42	1.42
135	2.79
13	11.04
11	4.91
1916	2.84
10	14.06
48	1.42
274	2.82
13	1.42
637	2.63
14	2.84
12	2.84
52	2.84
129	4.4
364	2.73
75	1.42
10	3.97
35	2.68
17	1.42
376	1.42
53	2.84
11	2.71
246	1.42
1111	2.71
29	1.42
46	1.42
15	1.42
51	2.61
38	5
3028	2.82
294	1.42
24	1.42
176	1.42
55	1.42
511	1.42
644	1.42
305	1.41
47	8.82
112	1.41
355	1.41
14	1.41
4536	2.73
21	2.83
109	1.41
20	1.41
96	1.41
12	2.47
524	2.56
17	2.83
41	1.41
209	2.83
381	1.41
12	1.41
223	2.81
592	2.72
6837	1.41
774	1.41
35	1.41
31	5.51
524	1.41
72	2.82
10	1.41
625	1.41
70	6.85
28	2.82
90	5.64
1004	2.74
22	2.69
13	1.41
29	1.41
1686	2.81
2191	2.8
234	1.41
36	2.78
76	2.82
17	1.41
38	2.82
11	2.81
67	1.41
41	2.71
628	1.41
29	1.79
51	1.41
3985	2.66
40	2.81
18	5.62
385	1.4
13	1.4
12	1.4
22	4.34
11	2.81
109	1.4
20	1.4
13	2.59
101	2.81
43	2.42
69	1.4
324	1.41
54	1.4
326	2.62
126	1.4
1198	1.4
1148	1.4
3516	2.8
11	9.18
1082	2.79
181	1.4
117	1.4
25	1.4
28	2.8
20	1.4
25	1.4
21	2.74
1053	2.8
381	1.4
784	1.4
591	2.8
92	2.75
59	1.4
13	1.4
18	1.4
25	1.4
95	2.69
54	2.77
29	1.4
63	2.8
426	5.59
215	2.74
66	1.4
136	1.4
1702	2.76
76	2.76
10	1.4
131	1.42
12	1.4
42	1.4
21	1.4
735	1.4
36	1.4
84	1.39
253	1.39
49	1.39
99	2.66
13	1.39
17	2.79
731	1.39
58	2.28
10	2.79
357	1.86
36	4.53
15	1.39
28	1.39
40	2.75
323	1.39
34	2.78
310	1.39
90	1.39
19	2.78
721	2.74
10	2.78
38	1.39
150	1.39
12	1.39
968	2.76
847	2.77
7391	2.75
702	2.76
332	2.77
1203	2.77
23	5.55
916	2.77
21	2.78
34	1.39
147	2.78
11	2.4
1120	1.39
10	2.77
335	1.39
12	2.77
27	2.77
13	1.39
42	5.48
17	5.06
21	1.39
16	2.77
34	3.83
37	2.77
423	1.39
555	1.39
69	1.53
11	5.54
15	1.39
10	1.8
211	1.39
222	2.77
24902	2.61
52	1.38
35	2.77
58	5.54
78	2.77
450	2.76
6482	2.61
116	1.38
368	2.77
716	2.65
1533	1.52
12	2.42
101	1.83
239	1.39
234	1.38
173	2.76
1200	1.38
12	10.13
127	1.38
1100	1.38
11	1.38
237	8.03
191	2.78
554	4.03
685	1.38
14	1.38
22	2.51
25	1.38
139	2.76
239	2.63
8055	5.51
713	2.69
290	1.38
221	1.43
25	2.7
39	2.76
178	1.38
34	2.76
49	2.08
199	2.76
22	2.69
41	1.38
4051	1.38
5441	2.73
202	1.38
193	1.38
535	2.73
339	4.07
51	2.73
182	1.68
842	2.56
35	2.71
695	5.48
43	1.38
2762	2.75
269	2.69
12	2.64
2365	1.37
43	1.37
333	1.37
3364	1.37
33	4.91
10	2.75
50	3.82
24	2.75
14	2.75
15	2.75
64	1.37
895	2.48
48	1.37
11309	1.98
118	2.68
629	2.72
1862	1.37
34	1.37
18	2.51
3168	2.72
105	2.73
1820	2.74
16	5.05
15	2.56
23	1.37
211	4.91
12	1.6
11	2.61
18	5.48
100	5.48
738	1.37
154	1.37
71	8.02
177	2.51
205	1.37
22	2.61
2208	2.72
11	8.45
21	1.37
60	2.73
2281	1.37
33	1.37
344	1.37
293	1.37
96	2.73
703	2.66
10	2.19
79	1.37
11	1.37
35	1.37
1241	2.73
12	1.37
11	2.73
259	4.55
16	2.56
110	1.36
27	2.68
27	1.36
3359	2.62
44	2.73
19	4.73
178	3.94
18	2.57
10	2.72
51	2.72
101	2.72
967	2.53
1581	1.36
51	2.67
128	1.36
97	1.36
20	2.72
142	1.36
299	2.7
11	1.36
74	1.36
93	1.36
464	1.36
3005	1.36
57	8.59
17	2.72
13	1.88
330	2.46
195	1.36
46	5.38
17	2.72
168	1.36
17	2.72
54	2.72
37	1.36
45	2.35
603	2.7
191	1.38
20	1.36
16	2.37
15	2.71
16	2.71
855	2.71
1343	1.36
32	1.36
2401	2.7
39	2.71
22	5.42
371	4.22
272	1.36
26	3.91
105	2.71
2931	2.57
552	2.71
516	1.35
44	1.35
19	1.35
99	2.71
37	2.71
141	1.35
16	1.35
437	1.36
58	7.77
1273	2.7
1529	1.35
39	1.35
84	4.36
67	6.52
24	2.59
123	1.35
61	1.35
123	1.35
16	4.48
83	2.7
300	2.43
380	2.7
10	2.7
91	1.35
1724	2.7
169	1.35
40	2.7
10	1.35
12	4.5
1208	4.03
323	2.69
98	5.36
1947	2.69
75	2.61
128	1.35
1572	1.35
103	5.37
31	4.44
398	1.35
81	2.7
614	1.35
28	1.35
503	2.68
33	1.35
31	8.17
194	1.35
25	2.69
770	2.67
30	4.04
130	1.35
66	2.61
45	2.69
153	2.69
35	4.26
28	2.54
824	2.58
11	2.69
44	3.82
73	1.34
711	2.6
146	2.5
21	2.68
48	2.68
1559	1.34
36	1.34
78	1.34
60	2.68
4374	6.22
98	2.65
737	1.34
12	2.23
94	4.43
10	2.68
28	2.68
13	1.34
691	4.14
152	2.67
336	2.68
226	2.67
13	1.34
10	1.34
19	9.02
425	1.34
86	2.67
127	1.34
27	8.72
5204	1.34
37	2.6
401	2.39
318	1.34
15	1.34
45	2.67
10	1.34
50	1.63
864	2.63
18	2.59
13	2.46
13	2.67
335	2.66
383	2.67
1715	2.53
112	1.33
36	5.33
1109	2.57
10	2.67
11	2.67
19	1.33
23	2.67
234	1.33
175	1.33
938	1.33
104	2.65
11	1.33
26	1.33
38	3.93
353	1.33
18	9.99
60	1.33
94	2.66
108	2.66
14	2.57
2738	2.64
54	1.33
2397	1.33
43	1.7
180	2.66
566	2.58
839	2.64
23	3.47
17	8.75
12	1.33
92	2.64
32	1.33
44	1.33
9889	2.5
161	2.65
94	2.61
275	2.65
212	4.61
15	8.49
417	1.33
54	2.65
11	1.33
14	2.65
23	2.65
51	2.65
2545	2.56
58	2.65
10	1.32
18	2.65
87	1.32
32	4.72
84	1.32
11	1.32
13870	5.16
13	1.32
59	2.65
35	1.32
455	2.53
2136	2.58
893	1.32
280	1.32
9905	2.58
46	1.32
58	1.32
18	2.42
1554	4.1
88	2.64
34	2.61
198	1.32
39	1.32
96	1.32
584	2.57
6420	2.21
115	1.32
400	1.32
85	2.64
32	8.25
184	2.61
42	2.55
55	1.32
340	1.46
36	2.6
160	2.63
14	1.32
82	2.57
236	1.32
49	1.32
44	1.32
159	1.32
14	1.32
699	1.67
1247	2.62
25	1.32
124	2.63
147	1.32
376	2.6
114	3.96
2337	2.61
63	2.63
10	2.63
32	2.63
807	2.63
26	2.53
209	2.63
134	2.35
287	1.32
589	1.31
1675	2.6
137	2.63
844	1.31
79	2.63
1675	2.51
23	4.63
908	2.62
343	2.57
18	4.23
12	2.63
186	2.45
5449	1.95
64246	2.49
1182	2.62
246	1.31
1560	1.31
26	2.62
2990	1.95
10	2.49
59	4.95
1565	2.6
38	2.48
15	2.53
41	1.31
12	1.31
238	5.22
5216	1.32
270	1.31
2332	2.62
347	2.37
45	2.59
88	1.31
112	1.31
89	2.37
2194	2.54
2148	1.31
10	1.31
15	2.62
86	1.31
10	2.35
596	1.31
12	1.31
53	1.31
18	1.31
29	2.61
3316	1.31
15	1.83
43	2.61
64	1.31
14	4.01
65	2.61
7949	1.31
81	2.6
108	4.04
939	1.31
10	5.22
75	3.98
11114	1.31
102	2.57
99	1.3
551	2.6
12	2.61
10	1.3
683	2.47
175	1.3
34	2.57
141	1.3
48	2.53
46	4.48
15	10.43
10	2.61
61	2.54
35	2.6
143	1.3
97	1.3
12	3.69
35	2.57
282	2.52
191	2.34
24	4.39
340	2.59
1489	1.3
91	1.3
947	5.2
21	1.3
388	3.96
75	1.3
144	2.54
393	1.3
53	2.6
23	2.6
273	1.3
53941	2.03
4215	1.92
1627	1.3
182	2.56
107	5.19
208	8.21
241	1.3
116	1.3
95	1.3
126	3.93
878	1.3
899	1.3
40	1.3
33	2.59
719	1.72
54	2.59
626	1.3
12	2.7
1301	2.42
6728	1.3
51	2.59
24	2.54
19	1.29
13	1.29
3139	1.31
1918	1.29
605	1.29
20	1.29
238	4.46
17	1.29
18	1.29
30	2.46
1065	1.83
19	1.29
25	2.53
15	2.5
1434	2.53
296	4.27
780	2.51
31	1.37
61	3.92
13	2.38
861	1.29
17	1.29
12	2.58
14	1.29
158	1.29
6150	2.44
1348	1.29
16	1.29
447	1.29
578	1.3
517	2.58
22	2.58
18	3.44
26	5.15
37	2.4
21	5.15
57	1.29
43	1.29
31	1.29
1360	2.48
12	1.29
41	1.29
24	1.29
264	1.29
18	2.29
245	1.29
33	1.29
10	1.29
1756	1.29
16	2.57
114	1.47
75	1.35
20	2.12
26	1.28
273	1.28
31	2.57
23	2.57
43	1.28
115	1.28
715	1.28
23	1.28
210	2.51
2534	2.35
123	4.34
76	2.54
157	3.63
10	1.28
100	1.28
49	2.51
54	6.75
4587	1.85
73	1.28
40	2.3
18	1.28
29	4.28
113	6.18
533	1.28
68	1.28
155	1.99
50	2.56
37	1.28
242	1.94
63	2.55
1422	2.55
116	1.28
141	3.67
114	1.28
54	2.55
121	1.28
47	5.59
13	2.45
4620	1.28
34	3.75
20	2.55
108	1.27
12	2.55
2279	2.23
153	1.27
11	1.27
334	1.28
15	1.27
33	1.27
104	3.56
126	1.27
20	2.55
25	2.49
29	8.6
16	2.54
523	1.27
137	1.27
57	2.45
18	1.27
13	1.27
49	1.27
11	2.54
395	1.27
87	1.27
49	2.54
362	2.54
18	1.27
75	2.54
45	2.54
142	1.27
17	1.27
56	2.42
72	4.16
26	1.27
14	1.27
18	2.46
40	1.27
26	2.53
24	3.96
61	5.07
176	5.07
96	2.53
889	1.27
159	1.27
372	4.18
20	2.53
32	4.2
14	1.27
215	2.23
55	1.27
36	1.9
11	67.17
14	2.44
46	2.53
1450	2.41
20	1.26
26	1.26
35	1.26
82	1.26
71	1.26
25	4.04
93	1.26
1228	2.52
19	1.26
41	1.26
68	2.43
19	4.85
176	1.28
37	2.49
11	4.7
21	1.26
34	1.26
12	2.31
107	1.26
490	4.86
75	5.04
19	1.26
401	1.26
12	6.29
15	1.26
680	1.33
15	2.01
3291	2.51
63	1.26
113	1.26
69	3.84
54	1.86
978	2.51
697	1.26
58	1.25
107	1.25
24	1.25
13	2.41
3665	1.26
279	1.29
230	2.37
284	2.51
153	1.25
12	2.51
71	2.45
65	2.5
12	2.5
35	5.01
88	1.25
36	1.25
43	4.54
376	1.25
140	1.25
926	1.25
41	1.25
92	1.25
159	5
12	2.5
50	2.38
33	1.25
19	1.91
192	1.25
117	1.25
198	2.43
52	2.4
2820	1.25
15	1.25
33	2.5
19	3.74
23	1.25
827	2.49
14	1.25
11	2.04
18	1.25
31	7.76
517	1.25
1843	2.43
14	2.49
513	1.25
138	2.27
101	1.25
130	2.07
27	7.47
49	7.78
39	4.66
13	2.49
52	1.24
18	2.49
17	1.24
11	1.92
124	2.46
12	1.24
98	1.59
15	3.4
13	2.49
293	1.24
29	1.24
496	2.14
8038	1.24
459	1.24
203	1.24
15	3.39
29	1.24
322	1.24
35	1.24
13	1.24
56	1.24
13	7.82
440	1.24
240	1.24
27	1.24
49	1.24
67	9.91
117	2.4
17	3.5
1974	2.43
1927	1.24
595	1.24
222	1.24
15	2.47
17	1.24
97	1.24
24	4.94
848	1.24
12	2.37
30	1.65
173	2.47
34	1.23
12	2.47
36	1.23
205	2.27
4778	2.12
217	2.19
301	1.23
309	1.23
22	2.47
2872	3.93
960	1.23
55	1.23
34	1.23
5264	2.39
2662	4.19
84	2.46
10	1.23
23	1.34
521	2.37
400	2.25
16	2.38
1281	2.38
234	9.57
110	1.23
145	1.23
21	2.46
489	2.41
15	1.23
22	1.23
18	8.26
47	1.23
4358	2.33
1301	1.23
72	3.87
99	1.3
123	1.23
2755	1.9
6268	1.23
23	2.4
18	2.32
240	1.23
14	1.23
23	11.88
31	2.45
533	1.23
216	1.23
32	1.23
14	1.23
31	2.45
721	2.36
14	1.22
14	4.2
10	12.37
35	1.22
183	2.39
3140	1.22
49	2.22
15	2.36
12	1.22
19	2.44
929	2.38
23	1.22
201	1.22
73	1.22
10	1.22
11	3.77
10	1.22
60	2.38
190	3.82
21	1.22
11	4.88
24	1.22
48	1.8
141	1.28
967	1.23
16	1.22
13	2.43
16	2.36
10	1.22
15	1.22
38	1.38
54	1.22
1482	1.22
11	1.22
333	1.22
125	1.53
145	1.22
170	2.35
202	1.22
68	2.32
14	1.21
260	1.21
30	2.39
30	1.21
3258	1.21
15	1.21
11	1.99
92	1.29
14	2.43
10	1.21
47	1.21
60	1.9
16	2.42
589	1.22
18	2.42
195	1.35
14	7.44
57	1.21
20	1.21
30	2.02
603	1.21
1735	1.21
248	1.21
108	2.38
240	1.21
111	2.09
11	2.09
26	1.21
179	1.21
111	1.21
272	1.21
43	2.41
45	6.97
10	7.72
2429	2.26
81	1.21
12	1.21
358	3.82
117	1.21
2075	2.06
18	2.28
11	1.2
15	1.6
14	3.78
33	1.2
11	1.31
16	8.12
41	1.2
40	3.94
213	1.2
10	1.2
17	1.2
10	1.2
86	1.2
3665	1.2
1260	2.13
2023	1.2
20	2.28
545	1.2
40	1.2
271	2.25
1836	1.86
115	1.39
11	2.4
536	2.04
101	1.2
2196	1.2
220	1.2
17	1.2
114	1.2
19	1.2
1730	1.2
35	2.05
880	1.2
19	2.33
1087	1.2
58	1.19
11	2.39
417	1.19
25	4.68
136	1.19
20	1.19
160	4.1
241	1.19
113	4.77
91	4.72
10	1.19
281	1.19
50	1.19
21	6.92
58	1.4
2144	1.19
41	1.19
84	1.19
16	2.08
18	2.31
30	1.98
12	2.28
35	15.56
24	1.19
202	1.19
10	1.19
67	1.19
12	1.19
93	1.19
84	2.22
170	1.19
688	1.19
358	2.34
30	1.19
71	2.27
108	1.18
23	4.22
2808	1.44
13	1.18
4570	1.66
112	1.26
23	1.34
33	2.36
25	2.27
12	1.18
24	1.33
46	1.18
26	2.18
13	1.18
510	3.71
15	1.97
20	1.18
464	1.18
13	1.18
489	1.18
168	1.18
27	1.18
23	3.99
81	1.18
1202	2.06
15	1.72
34	1.18
251	7.13
40	1.18
245	2.35
609	2.15
51	1.17
10	2.35
65	1.17
10	3.75
115	2.34
45	1.17
103	2.34
50	3.09
83	1.17
145	1.17
13	1.17
223	1.17
41	1.17
54	1.17
2569	6.99
563	3.87
14	2.34
18	4.68
18	2.21
16	1.17
15	1.17
657	2.23
582	3.59
36	2.34
27	1.17
803	1.17
11	1.17
16	1.17
68	1.17
19	2.27
708	1.17
15	1.95
110	1.17
143	1.17
78	2.33
130	6.25
258	2.27
2029	1.17
202	3.45
783	1.16
65	1.16
22	1.16
233	1.87
501	1.16
97	1.16
67	1.16
34562	1.3
46	2.12
58	1.74
195	1.16
19	1.16
117	7.24
70	2.12
880	1.16
282	1.16
625	1.16
357	1.16
20	7.48
239	1.17
79	1.16
3103	1.16
10	1.16
33	25.7
19	1.16
15	1.54
10	2.2
543	1.16
85	1.89
11	2.31
774	2.31
76	1.16
1988	1.16
180	1.15
512	3.39
44	4.62
40	7.82
175	1.15
31	2.27
608	1.15
10	2.19
133	4.07
21	2.14
1344	1.57
34	2.27
11	2.2
75	1.15
3474	1.15
96	1.15
40	2.07
139	4.6
17	1.15
12	2.2
10	1.15
348	1.15
27	1.15
71	3.49
15	1.15
10	1.15
90	1.15
11	1.15
33	1.15
38	1.84
118	1.15
111	1.15
548	1.15
11	1.15
27	3.9
34	1.15
690	1.15
19	1.15
315	1.15
97	1.14
12	2.29
15	3.43
24	1.14
31	2.29
9247	1.14
10	2.28
12	1.14
31	8.58
29	2.09
10	1.14
12	2.19
30	1.14
16	2.28
11	1.14
316	1.14
11	2.28
537	1.14
142	1.14
74	1.14
14	2.28
125	1.14
135	1.14
208	2.1
59	1.14
207	1.14
19	1.14
19	1.14
214	1.13
22	2.06
28	1.13
592	3.8
59	7.65
1872	1.93
1143	1.14
23	4.53
1368	9.06
85	1.13
53	1.13
370	1.13
334	1.13
85	1.13
57	1.13
194	1.62
52	1.13
10	1.13
79	1.13
34	1.13
27	3.09
23	3.19
3106	1.72
100	2.26
31	1.13
67	1.13
1263	1.13
114	1.13
179	1.13
286	1.12
147	1.12
313	1.13
32	1.16
21	1.12
12	1.12
94	1.12
131	1.12
98	2.04
33	1.16
23	1.12
30	2.24
30	1.12
39	1.12
54	1.12
32	1.12
84	1.76
28	1.12
20	1.12
70	2.24
712	1.9
39	6.65
18	1.12
120	3.25
178	1.36
52	1.12
24	2.23
27	1.11
19	1.11
11	2.23
363	1.11
10	1.11
300	2.25
59	2.23
14	1.11
27	3.05
366	1.11
23	1.11
16	2.22
19	1.11
23	3.96
347	3.57
57	1.11
211	1.11
35	2.15
134	2.22
18	1.11
480	1.11
29	1.11
705	1.11
13	2.38
55	1.11
455	1.11
67	3.5
44	1.11
39	1.16
160	1.11
11	1.11
110	1.11
15	1.11
121	1.11
212	1.11
944	1.1
41	1.1
117	1.1
30	1.1
572	3.67
50	1.1
31	1.1
69	1.1
60	1.8
484	1.1
124	1.1
26	1.4
10	1.1
17	1.1
12	1.1
40	6.44
38	2
17	1.36
129	4.4
12	1.1
98	1.1
119	1.1
2883	1.1
78	1.1
11	2.99
208	1.1
1888	1.52
54	1.1
45	3.12
645	1.1
69	1.1
994	1.1
174	1.1
28	1.1
128	1.86
593	1.09
94	1.09
526	1.11
30	1.75
29	1.09
89	2.17
20	1.09
170	1.09
23935	4.13
132	2.18
377	1.09
55	3.79
11	1.29
28	2.07
10	1.09
42	1.09
103	1.09
165	2.17
139	2.13
230	1.09
30	1.09
336	1.73
13	1.09
15	1.09
17	1.41
90	3.64
290	4.35
10	1.09
364	1.09
12	1.09
253	3.64
41	2.17
122	1.09
43	2.17
14	1.09
217	2.17
15	2.1
238	1.08
113	1.08
247	1.08
82	3.1
1475	2.34
10	1.08
23	2.54
55	1.08
497	1.08
116	1.08
14	1.08
10	2.16
1226	1.08
117	1.08
80	1.08
15	1.08
24	2.87
52	3.42
448	1.08
32	1.08
197	1.08
13	1.08
26	1.08
61	1.07
1023	1.07
38	1.07
40	1.07
77	1.07
17	1.07
193	1.07
380	1.07
30	1.07
11	1.07
221	1.07
85	1.07
18	2.14
58	1.07
74	2.14
16	1.2
80	1.07
35	1.07
36	1.64
30	1.07
234	1.09
21	12.21
73	2.14
172	1.07
1409	2.14
1480	1.07
1142	1.07
676	1.07
137	6.55
14	1.07
152	1.06
193	1.06
1147	1.06
26	1.06
49	3.18
64	1.06
38	1.06
5027	3.11
11127	1.8
55	1.06
112	1.06
28	1.06
664	1.06
283	1.06
26	1.06
10	1.06
108	1.08
19	1.78
129	1.05
157	1.09
150	3.21
21	6.73
45	1.05
71	3.34
43	6.73
10	2.1
21	1.05
238	1.05
241	2.09
261	1.05
120	1.05
13	1.05
15	1.05
16	1.97
70	1.05
10	1.05
284	2.06
54	2.1
25	1.05
2023	1.05
11	1.71
24	1.05
12	1.13
65	1.05
14	1.05
36	1.04
155	2.07
10	1.98
178	2.08
1590	1.04
12	1.04
10	2.08
93	1.04
22	4.16
52	2.04
65	1.07
422	3.02
11	1.04
92	3.21
44	1.04
16	1.04
192	1.56
17	1.03
201	1.03
183	1.17
42	1.03
1218	1.03
1078	1.03
78	3.98
186	1.03
135	1.03
148	3.05
244	1.03
2657	1.67
10	1.03
146	1.03
199	1.03
354	1.03
180	1.03
43	1.53
47	1.03
47	1.03
84	1.03
24	1.03
275	1.03
824	4.05
116	1.02
35	1.02
107	1.02
74	1.02
118	1.76
13	1.02
77	2.03
77	1.89
23	1.02
36	4.08
56	1.02
994	1.02
37	1.02
76	1.02
41	5.16
28	1.02
46	1.02
85	1.01
20	1.01
22	1.01
39	1.01
360	1.01
11	1.01
44	1.98
17	1.01
22	1.01
17	2.02
12	1.77
14	1.01
39	1.01
66	1.01
76	1.01
90	1.99
31	1.01
42	1.01
4089	1.01
53	1.01
46	1.01
28	1.01
64	1.01
233	1.01
15	4.03
2387	3.03
187	1.01
12	1.01
128	3.97
18	1.01
116	1.01
11	1.01
28	1.98
16	1.01
37	1
19	2.01
11	1
312	1
50	1
70	1.95
28	1
70	1
29	1
67	1.66
85	1
16	1
10	1.49
10	3.09
209	0.99
267	0.99
20	3.48
17	0.99
20	0.99
1875	0.99
15	0.99
1297	0.99
1150	0.99
499	1.98
48	2.81
21	2.74
49	0.99
40	0.99
107	0.99
308	0.99
289	0.99
17	0.99
55	0.99
11	0.99
137	0.99
183	0.99
39	1.75
20	1.97
192	0.99
11	0.99
101	0.99
55	1
10	0.98
646	0.98
572	0.98
309	0.98
11	0.98
12	2.13
190	0.98
106	3.92
24	6.61
40	1.96
12	0.98
57	1.96
342	0.98
81	0.98
19	0.98
18	0.98
111	0.98
14	0.98
160	0.97
13	0.97
15	1.62
149	2.89
99	1.94
131	0.97
20	0.97
50	0.97
35	6.68
15	3.88
148	2.86
1826	0.97
13	0.97
1060	0.97
332	2.66
31	0.97
293	0.97
528	1.56
681	0.97
3977	0.97
12768	0.97
13	3.56
87	0.97
42	1.93
364	0.96
12	0.96
13	0.96
23	6.7
36	0.96
43	0.96
14	1.03
216	0.96
58	0.96
179	0.96
143	1.41
97	0.96
467	0.96
391	0.96
362	0.98
11	0.96
18	3.52
22	0.96
42	0.96
17	0.96
24	0.96
12	0.96
11	0.96
15	2.74
169	0.96
410	3.05
23	6.27
260	0.96
45	0.95
102	0.95
117	2.72
11	0.95
18	0.95
31	5.01
347	0.95
17	0.95
11	0.95
23	0.95
27	0.95
52	0.95
1408	0.95
381	0.95
11	0.95
176	1.57
26	1.89
41	0.95
31	1.43
13	0.94
34	0.94
32	0.94
54	0.94
24	0.94
42	0.94
303	0.94
22	0.94
129	0.94
33	0.94
64	0.94
13	0.94
84	0.94
81	0.94
183	0.94
10	0.94
57	0.94
32	0.94
36	0.94
78	0.93
32	0.93
179	1.87
42	3.73
32	0.93
176	0.93
753	2.55
494	0.93
59	0.93
10	0.93
32	0.93
65	0.93
599	0.93
121	0.93
55	1.86
221	0.93
19	0.93
359	0.93
1552	0.93
12	0.93
14	2.31
95	0.92
70	0.92
79	1.94
24	1.84
92	0.92
15	0.92
38	1.84
23	0.92
29	0.92
150	0.92
732	0.92
1815	0.92
20	0.92
13	0.92
79	0.92
18	1.07
133	0.92
15448	0.93
18	0.92
33	2.86
49	2.55
13	0.92
32	3.18
6581	3.32
10	0.92
14	3.66
78	5.28
29	1.2
26	0.91
11	0.91
175	1.33
10	0.91
116	0.93
16	0.91
54	0.91
718	0.91
14	0.91
43	1.33
42	0.91
91	0.91
24	4.36
67	1.32
12	0.91
113	0.91
10	0.91
37	1.82
349	0.91
104	0.91
23	0.91
17	1.02
14	0.91
30	0.91
78	0.91
65	0.91
11	0.91
92	1.54
11	0.91
12	1.81
2218	0.91
295	0.91
74	0.9
24	0.9
1017	3.52
890	0.9
18	0.9
51	0.9
89	0.9
663	0.9
103	1.11
58	0.9
148	0.9
12	0.9
154	0.9
45	1.96
25	0.9
226	0.9
446	2.94
55	1.08
15	1.74
71	1.23
13	0.9
35	2.49
18	2.39
18	0.9
18	0.9
36	0.9
86	2.09
20	0.89
17	0.89
152	0.89
59	0.89
598	1.04
96	1.07
13	0.89
195	0.89
93	0.89
1107	0.92
230	1
18	1.09
305	0.94
32	1.78
72	0.89
35	0.89
12	0.89
106	1.43
79	0.89
10	0.89
568	0.89
451	0.89
126	1.22
64	1.17
29	0.89
8079	0.89
6423	0.89
15	2.43
27	0.89
242	0.97
356	0.89
224	0.89
12	1.03
12	0.88
132	0.88
77	0.88
62	0.88
32	1.77
138	0.88
47	1.76
28	1.57
19	0.88
30	0.88
93	3.29
32	1.32
44	0.88
25	0.88
36	0.88
10	0.88
20	0.87
37	0.87
51	2.66
31	0.87
79	1.39
32	0.87
20	0.87
40	0.9
361	0.9
157	1.31
177	1.25
577	0.87
31	0.87
15	6.39
63	0.93
132	1.12
236	0.87
15	1.28
119	0.87
27	0.87
18	0.87
164	0.87
32	0.87
404	1.15
30	0.87
30	1.19
79	1.37
62	1.58
10	0.87
27	0.87
18	0.87
168	0.87
187	0.99
242	0.86
35	0.89
36	0.86
12	1.87
15	1.27
67	0.86
51	0.88
49	1.27
65	0.86
47	1.08
18	0.86
679	0.93
9770	0.86
2294	0.89
36	0.86
24	0.86
170	0.86
315	1.07
38	0.86
20	1.03
77	1.53
280	1.08
1263	0.99
76	2.61
28	3.44
302	0.86
17	0.86
10	0.86
12	5.58
185	1.2
10	0.86
615	0.86
22	1.01
195	0.86
2055	0.86
40	0.86
621	0.86
61	2.82
236	1.01
165	0.9
28	0.85
24	1.17
658	0.91
10	1.62
18	1.66
48	0.91
2311	0.85
28	0.85
38	1.03
1729	0.85
132	3.38
20	0.85
252	0.85
108	0.85
20	0.85
116	0.85
133	0.85
44	0.87
150	0.85
35	0.85
39	0.85
590	0.85
28	0.85
10	0.85
95	1.05
13	2.48
70	0.96
13	0.85
14	1.21
342	0.85
59	0.88
470	0.92
57	1.22
19	0.85
10	0.85
14	0.85
24	0.85
629	0.94
15	0.85
21	1.01
61	0.85
132	0.85
15	0.84
68	1.66
100	0.92
46	1.05
42	0.84
57	1.01
20	0.84
13	0.84
37	0.84
215	0.84
373	0.84
12	1.69
42	1.69
71	0.84
17	0.84
709	0.84
21	0.84
12	1.26
37	2.77
1250	0.84
23	0.84
53	0.93
38	0.84
24	1.68
12	3.35
11	0.84
30	1.06
34	1.2
40	0.9
13	0.83
686	1.67
398	0.92
56	1.06
37	0.83
93	2.63
70	0.83
143	0.84
722	0.84
781	0.83
227	0.86
10	0.83
116	0.83
26	0.96
236	0.83
555	0.83
18	0.83
81	0.83
458	0.83
22	0.83
14	0.89
147	0.83
125	1.23
17	0.83
27	1.37
514	0.86
48	0.94
37	0.82
20	0.82
53	2.69
22	0.82
76	0.83
392	0.82
148	0.82
141	1.64
15	0.82
60	0.82
926	0.82
20	0.82
13	26.23
161	0.82
499	0.82
48	1.11
28	0.82
235	0.82
25	0.85
17	0.82
33	0.82
16	0.82
39	0.82
18	1.41
11	0.82
10	1.22
507	0.82
15	1.09
32	0.81
15	1.47
137	0.81
29	0.95
14	0.81
29	1.18
14	0.81
10	0.81
16	0.81
15	0.81
31	0.81
26	1.09
17	2.39
13	1
73	0.81
13	0.81
15	0.81
14	0.81
124	0.82
11	0.81
12	0.88
10	0.81
17	0.81
61	1.15
42	0.81
13	2.43
12	2.16
6070	0.81
23	0.81
1106	0.97
10	0.81
27	0.81
3826	0.81
52	0.87
11	0.81
626	1.32
16	1.11
15	0.81
2189	0.8
30	0.8
39	0.8
51	1.25
50	0.93
13	1.23
220	0.8
78	0.8
100	0.8
82	1
13	0.8
160	0.8
112	0.84
124	0.9
86	0.82
21	1.33
16	0.8
19	0.8
14	1.08
11	0.8
825	0.8
12	6.51
134	0.96
137	0.8
1766	0.8
16	0.8
71	0.8
112	1.06
76	1.1
30	0.87
25	0.79
37	0.79
17	1.17
197	0.91
125	1.38
67	0.79
521	0.79
19	0.96
16	1.58
79	1.21
80	1.68
23	0.79
154	1.42
58	0.79
56	1.18
480	0.79
13	0.79
523	0.79
90	0.81
10	0.79
24	0.89
10	0.79
19	0.79
73	1.09
109	0.79
22	0.86
43	1.43
645	0.79
26	5.44
27	0.79
21	0.79
63	0.8
740	0.79
11	0.79
117	2.44
17	0.78
28	1.37
13	0.78
122	0.78
53	0.8
37	0.78
34	0.78
25	0.78
1853	2.52
17	0.92
167	0.78
32	0.78
47	0.78
10	0.78
28	0.78
44	1.45
183	0.78
72	0.92
83	0.78
115	0.88
14	0.78
22	0.78
353	0.78
18	0.78
381	0.78
194	0.78
30	0.96
735	0.87
45	0.78
35	0.91
542	0.77
10	0.77
90	0.77
18	0.82
15	0.77
13	0.77
13	0.77
442	0.8
50	0.77
13	3.09
18	0.99
11	0.91
10	0.77
1738	0.77
242	0.77
10	0.77
24	0.8
103	0.81
31	0.77
21	1.54
19	0.77
21	0.77
43	0.77
32	0.84
19	0.77
182	0.77
15	0.77
14	4.05
18	0.98
10	3.06
27	0.79
56	0.76
27	0.79
10	0.76
23	0.76
20	1.41
704	0.77
124	0.97
70	0.76
25	0.76
208	0.76
24	0.76
10	0.91
14	1.14
14	0.76
253	2.11
15	3.04
115	0.88
28	0.76
63	0.76
60	0.76
15	0.76
15	0.86
16	0.76
10	0.76
27	0.76
554	1.39
15	1.51
44	0.81
56	1.46
18	0.76
13	0.76
220	0.75
42	1.47
27	1.2
52	0.75
17	0.75
89	0.77
11	0.75
122	0.75
314	0.75
61	1.31
847	0.75
12	0.75
20	0.75
19	0.75
24	0.97
14	5.25
216	0.77
211	0.91
164	2.94
124	2.28
396	0.75
37	0.75
294	0.79
24	1.34
32	0.77
716	0.75
78	0.75
28	0.75
1248	0.77
519	0.75
223	0.85
25	0.87
38	0.75
28	0.75
113	0.75
20	0.75
28	0.88
29	0.75
14	0.75
14	0.74
26	0.74
15	0.74
13	0.8
97	0.74
50	0.74
32	0.74
882	0.74
27	0.77
58	0.74
10	0.74
39	0.74
40	0.85
96	0.74
130	0.74
26	0.74
59	0.74
19	1.05
45	0.74
36	0.74
68	1.48
66	1.48
73	0.74
119	2.96
34	0.74
10	0.74
14	0.95
147	0.74
180	0.75
20	3.76
1048	0.74
719	0.74
145	0.74
12	0.74
27	0.76
10	0.74
19	0.89
53	2.94
10	0.74
46	0.73
276	0.73
11	1.13
12	0.73
230	0.78
10	0.73
2911	2.53
72	0.83
22	0.73
21	2.86
18	0.81
19	0.73
22	0.73
83	0.82
54	0.83
157	0.75
25	0.85
14	1.1
61	0.83
35	0.73
13	0.73
36	0.75
10	1.02
108	0.73
26	1.01
71	2.34
773	0.73
35	1.06
697	0.73
2311	0.72
201	0.72
12	0.72
11	0.72
16	0.72
40	0.8
14	0.83
45	0.72
17	0.81
25	0.72
31	0.77
162	0.72
30	0.72
18	0.84
97	0.86
18	0.72
36	0.72
24	0.78
10	1.3
17	0.72
15	0.72
76	0.72
32	0.72
73	0.78
104	0.72
28	0.72
146	0.76
197	0.72
175	1.43
15	0.76
19	0.98
215	0.85
30	3.79
34	0.73
31	0.83
69	0.72
10	1.28
480	0.71
37	0.71
46	0.77
84	0.71
10	0.71
30	0.71
60	0.83
519	0.74
22	0.71
1861	0.71
11	0.71
87	0.71
129	0.71
166	0.74
43	1.42
12	0.77
119	0.72
24	0.71
402	2.77
19	0.71
165	0.71
2517	0.71
18	0.71
11	0.71
177	0.71
286	0.71
28	0.7
45	0.7
28	0.75
129	0.7
31	0.7
98	0.73
569	0.7
11	0.7
62	0.7
60	0.75
58	0.7
13	0.75
51	2.41
256	0.7
18	0.7
88	0.75
44	0.78
11	0.82
1111	2.76
38	0.7
52	0.7
10	0.7
53	1.48
400	0.7
26	0.7
15	0.7
47	0.8
15	0.7
75	0.69
16	0.69
113	0.79
217	0.69
271	0.69
11	0.82
11	0.69
10	0.69
49	1.2
39	0.69
44	0.98
14	0.74
38	0.69
26	0.72
78	0.69
51	2.18
18	0.69
93	0.69
45	0.78
14	0.89
168	0.72
641	0.77
12	0.69
49	0.69
11	0.69
53	1.38
62	0.94
62	0.83
366	0.69
10	1.31
571	2.9
66	0.69
17	0.69
586	2.75
20	0.69
18	0.69
121	0.74
414	0.74
17	0.73
67	1.26
17	0.85
10	0.69
171	0.69
1225	0.72
48	0.7
13	2.74
64	0.85
20	0.68
14	0.68
27	0.68
136	1.37
11	0.75
55	0.68
76	0.68
197	0.8
153	0.78
25	0.74
47	1.35
247	0.68
43	0.71
37	0.74
708	0.68
20	0.68
19	0.72
24	0.68
901	0.79
18	1.24
10	0.68
116	0.68
115	0.74
24	0.68
15	2.71
212	0.7
249	0.68
336	1.35
33	0.68
135	0.84
62	0.76
29	1.24
348	0.88
74	0.68
1416	1.35
130	0.68
71	0.72
21	0.8
22	0.83
17	0.67
14	0.67
62	0.67
88	0.67
17	0.67
26	0.78
12	2.69
26	1.06
346	1.34
12	0.67
10	0.67
25	2.47
24	1.34
14	2.35
24	0.67
22	0.67
25	0.69
138	0.67
99	2.64
32	0.81
39	0.86
2637	1.32
150	0.66
424	2.64
118	0.66
54	0.85
96	0.66
20	0.69
13	0.86
18	0.66
15	0.66
91	0.66
10	2.51
64	0.66
11	0.72
45	6.17
203	0.66
11	0.66
13	0.66
19	0.66
136	0.66
15	0.66
3515	1.31
1853	1.17
15	0.74
23	0.66
11	1.97
151	0.81
207	0.66
102	0.66
10	0.66
70	0.71
27	0.92
92	0.65
11	0.65
77	0.73
10	4.05
51	0.68
1496	0.65
19	0.65
15	3.65
836	0.65
17	0.73
240	0.65
245	0.65
455	0.66
212	0.66
31	0.65
17	0.65
18	0.72
850	1.29
37	0.65
16	0.65
248	0.67
100	3.23
18	0.65
21	0.71
25	0.65
426	0.73
19	0.75
10	0.64
18	0.64
297	0.64
23	1.09
11	0.64
10	0.64
30	2.08
10	1.74
10	2.31
620	2.53
394	0.65
20	0.64
110	0.64
39	0.64
42	0.64
27	0.64
29	0.68
15	0.64
25	0.64
10	0.7
60	2.47
116	0.64
51	2.45
16	0.64
154	0.7
16	0.96
25	0.66
98	0.71
65	0.79
143	0.7
624	0.73
93	0.72
12	1.27
359	0.68
11	0.63
12	0.63
30	0.63
42	0.63
143	2.53
56	0.68
112	0.85
10	0.63
41	0.69
89	0.67
70	0.63
18	0.7
121	0.84
38	1.25
40	0.68
172	1.26
56	0.82
49	0.73
31	0.71
12	0.63
43	0.66
28	0.68
14	0.63
89	0.63
25	0.65
592	0.63
33	0.72
74	0.63
595	0.64
22	0.71
48	0.63
21	0.66
16	1.25
16	0.63
12	1.25
31	0.63
125	0.63
31	0.75
17	0.63
26	0.63
22	0.68
77	1.85
77	0.69
10	2
44	0.62
6680	1.24
68	0.68
41	0.62
42	0.62
40	0.62
36	0.64
92	0.62
138	1.23
72	0.62
73	0.7
258	0.62
819	1.24
11	0.62
89	0.62
65	0.66
19	2.15
99	0.63
73	0.62
22	0.62
10	0.62
23	0.62
66	0.62
87	0.63
1344	0.73
23	2.52
16	0.62
1954	2.43
25	0.62
11	0.62
27	0.66
25	0.61
48	1.14
21	0.67
24	0.61
27	0.61
47	0.61
13	0.84
97	0.62
35	0.61
11	0.61
18	0.64
1056	0.61
24	0.76
52	0.61
13	0.61
19	0.61
10	0.61
38	0.67
160	0.66
54	0.69
37	1.35
35	2.93
15	0.68
50	0.76
452	2.4
125	0.61
38	1.04
218	0.64
25	0.62
27	0.64
12	0.6
15	0.6
491	0.64
78	0.64
15	0.6
23	0.6
243	0.6
1066	0.6
10	0.66
311	0.6
59	0.66
236	0.64
71	0.6
472	0.6
14	2.04
430	0.59
285	0.6
15	0.59
39	1.19
47	0.62
13	0.59
10	0.65
562	0.59
22	0.59
11	0.64
34	0.59
41	0.71
49	0.66
739	0.59
25	0.59
82	0.6
19	0.59
17	0.59
39	1.04
40	0.6
1814	1.05
35	0.59
19	3.24
33	0.71
12	0.59
23	0.66
34	0.59
21	0.61
211	0.59
23	0.61
32	0.58
38	0.61
36	0.58
41	0.6
23	0.58
11	0.58
25	0.58
16	0.58
19	0.58
15	2.33
10	0.7
20	0.61
31	3.5
11	0.95
15	0.66
890	0.58
71	0.64
57	0.59
58	0.6
60	0.61
50	0.57
479	0.59
20	0.57
65	0.67
129	0.61
170	0.59
15	2.31
37	0.6
14	0.57
87	0.57
35	1.12
49	0.61
103	0.62
41	1.13
211	0.61
20	0.56
134	0.56
19	0.71
69	0.61
29	0.6
18	0.56
16	0.56
17	0.56
21	0.56
17	0.56
10	0.56
48	0.56
86	0.62
33	0.56
30	0.58
65	0.56
48	0.55
166	0.55
90	0.55
27	0.66
17	0.55
81	0.55
15	0.55
44	0.65
19	0.55
15	0.58
22	0.64
14	0.54
20	0.79
18	0.54
27	0.54
14	0.62
10	0.54
66	0.63
63	0.58
134	0.58
13	0.54
117	0.59
33	0.56
108	0.59
29	0.56
482	0.54
27	0.62
17	3.17
73	0.54
26	0.58
72	0.55
84	0.55
21	0.54
47	0.54
64	0.54
60	0.54
21	0.59
47	0.53
127	0.64
29	0.53
39	0.53
1269	0.72
55	0.54
15	0.53
11	0.53
25	0.7
115	1.05
324	1.05
276	0.58
299	0.64
22	0.55
11	0.53
18	0.76
259	0.53
10	1.05
162	0.52
10	0.52
11	0.62
13	0.52
15	0.52
11	0.52
12	0.74
28	0.54
28	0.54
25	0.62
22	0.59
50	0.66
94	0.52
13	3.67
13	0.52
294	0.54
12	0.52
339	0.54
18	0.6
358	0.61
15	0.52
84	0.64
13	0.52
10	0.57
294	0.52
95	0.52
28	0.51
915	0.51
58	0.51
30	0.53
65	0.54
208	0.54
57	0.56
48	0.57
56	0.52
10	0.51
16	0.51
36	0.54
32	0.51
48	0.61
50	0.54
10	0.51
15	1.02
12	0.51
100	0.54
30	1.61
799	0.59
164	0.65
11	0.5
44	0.5
84	0.57
28	0.5
14	0.5
92	0.5
25	0.5
150	0.5
12	0.54
43	1.55
39	0.5
10	0.55
35	0.51
28	0.5
24	0.5
578	0.5
11	0.5
13	0.5
88	0.5
23	3.07
14	0.5
172	0.5
47	0.5
128	0.6
131	0.62
62	0.49
11	0.49
501	0.61
18	0.49
868	0.49
119	1.37
10	0.49
14	0.73
42	1.96
129	0.55
74	1.59
120	0.6
15	1.55
163	0.49
22	0.48
14	0.48
1915	0.48
11	0.7
492	0.48
57	0.48
36	0.48
582	0.58
11	0.56
72	0.48
359	0.48
121	0.5
56	0.63
18	0.93
35	0.5
303	0.5
382	0.63
42	0.67
10	0.47
13	0.47
392	0.58
56	0.56
13	0.47
24	0.47
17	0.47
75	0.47
344	0.47
12	0.47
18	0.47
70	0.47
417	0.47
35	0.47
11	0.47
24	0.47
210	0.47
12	0.58
11	0.55
62	1.62
19	0.47
17	0.46
85	0.49
10	0.51
10	0.46
874	0.49
12	0.46
22	0.48
10	1.06
20	0.48
14	0.46
11	0.71
177	0.46
235	0.57
1365	3.16
31	0.89
18	0.66
20	0.46
26	1.39
16	0.91
37	0.68
1644	0.59
16	1.22
241	0.52
25	0.47
44	0.45
17	0.53
54	0.59
41	0.84
50	0.52
10	0.45
36	0.45
18	0.45
74	0.45
11	1.02
20	0.49
34	0.45
34	0.45
262	0.51
193	0.45
68	0.5
10	0.58
12	0.48
27	0.45
16	0.45
58	0.45
28	0.45
40	0.59
145	0.45
10	0.45
41	0.44
12	0.44
100	0.44
73	0.49
814	0.49
11	0.96
67	0.44
5664	0.53
12	0.51
249	0.44
187	0.56
97	0.44
125	0.74
13	0.84
13	0.57
99	0.44
605	0.54
336	0.44
18	0.56
14	0.44
13	0.44
52	0.82
17	0.44
23	0.44
12	0.43
14	0.43
24	0.56
28	0.43
980	0.47
744	0.49
52	0.86
121	0.53
558	0.43
19	0.52
10	0.43
86	0.43
15	0.43
79	0.47
209	0.47
215	0.51
201	0.43
111	0.48
398	0.43
117	0.43
167	0.43
69	0.5
60	0.53
31	0.47
15	0.43
17	0.43
33	0.43
18	0.47
249	0.48
56	0.62
29	0.42
16	0.42
27	0.53
67	0.42
52	0.42
132	0.43
15	0.42
244	0.45
27	0.42
230	0.42
11	0.42
24	0.42
56	0.45
14	0.42
573	0.71
223	0.42
66	0.61
12	0.42
15	0.42
129	0.49
138	1.71
87	0.41
36	0.41
26	0.46
16	0.41
211	0.41
24	0.48
13	0.41
883	0.41
93	0.41
56	0.41
13	0.41
19	0.56
133	0.41
23	0.41
17	0.41
103	0.42
18	0.49
11	0.4
10	0.4
19	1.36
71	0.41
41	0.44
13	1.33
21	0.44
98	0.46
36	0.45
10	0.4
54	0.45
13	0.4
195	0.41
77	0.4
52	0.43
18	0.48
133	0.46
27	0.39
52	0.41
61	0.39
39	6.89
11	0.43
114	0.45
39	0.51
54	0.47
18	0.39
47	0.43
607	0.4
17	0.41
28	0.4
393	0.45
1324	0.39
43	0.62
25	0.39
54	0.47
317	0.4
644	0.39
30	0.78
169	0.4
361	0.41
10	0.39
118	0.44
100	0.38
12	0.42
48	0.46
35	0.39
114	0.41
37	0.39
24	0.38
10	0.38
68	0.42
18	0.42
10	0.38
187	0.4
30	0.38
11	0.38
39	0.38
13	0.38
50	0.41
742	0.63
564	0.51
46	0.37
22	0.37
14	0.37
1124	0.4
31	0.46
43	0.37
24	0.42
12	0.37
287	0.37
42	0.37
10	0.37
60	0.37
175	0.37
16	0.71
42	0.38
110	0.41
126	0.37
17	0.36
52	0.36
12	0.36
13	0.47
22	0.39
15	0.36
14	0.36
11	0.36
124	0.36
100	0.36
53	0.41
38	0.46
14	0.36
97	0.38
37	0.38
15	0.36
12	0.45
11	0.36
85	0.36
37	0.38
19	0.35
354	0.35
20	0.35
60	0.35
15	0.35
32	0.72
18	0.37
10	0.35
11	0.44
450	0.38
17	0.35
39	0.41
10	0.35
36	0.69
14	0.4
86	0.54
168	0.41
15	0.35
14	0.54
24	0.45
127	0.48
48	0.34
75	0.34
459	0.4
31	0.34
52	0.39
11	0.34
10	0.34
147	0.36
35	0.36
12	0.34
43	0.44
10	0.41
109	0.34
26	0.34
178	0.38
117	0.38
10	0.34
12	0.34
63	0.37
184	0.36
33	0.34
16	0.34
40	0.34
20	0.34
28	0.34
24	0.38
12	0.39
11	0.46
42	0.34
18	0.34
14	0.34
31	0.33
10	0.33
109	0.33
10	0.33
79	0.36
23	0.33
11	0.33
205	0.33
63	0.33
162	0.35
25	0.33
109	0.34
11	0.33
32	0.33
42	0.33
27	0.33
86	0.33
12	0.33
37	0.32
12	0.32
17	0.32
16	0.32
92	0.32
96	0.32
17	0.4
13	0.32
10	0.32
12	0.32
17	0.32
291	0.35
125	0.32
28	0.32
25	0.32
72	0.47
31	0.37
90	0.32
12	0.32
10	0.32
10	0.35
16	0.31
22	0.53
68	0.32
66	0.34
185	0.31
12	0.31
47	0.31
11	0.62
15	0.31
15	0.31
47	0.38
42	0.31
13	0.31
34	0.35
1654	0.31
43	0.31
160	0.31
247	0.32
1938	0.3
39	0.35
468	0.3
27	0.32
104	0.3
64	0.3
134	0.35
10	0.48
13	0.3
12	0.3
85	0.32
14	0.34
10	0.33
11	0.33
29	0.3
23	0.31
34	0.32
17	0.3
18	0.46
10	0.33
35	0.31
22	0.34
313	0.35
17	0.42
287	0.3
16	0.29
15	0.43
10	0.29
87	0.3
180	0.29
12	0.29
14	0.39
43	0.33
20	0.29
86	0.29
35	0.31
74	0.28
10	0.28
24	0.28
72	0.3
12	0.43
15	0.34
57	0.3
10	0.28
18	0.28
20	0.28
33	0.29
92	0.31
29	0.28
54	0.28
49	0.28
21	0.28
14	0.31
23	0.27
11	0.27
20	0.27
28	0.27
1917	0.35
108	0.27
108	0.27
55	0.31
27	0.27
31	0.35
325	0.27
35	0.35
57	0.26
11	0.26
30	0.26
11	0.26
19	0.39
15	0.28
11	0.28
118	0.31
46	0.28
11	0.26
40	0.26
13	0.26
405	0.26
15	0.26
53	0.28
25	0.26
41	0.26
12	0.28
30	0.25
15	0.27
16	0.25
28	0.28
13	0.25
38	0.25
22	0.25
24	0.25
155	0.25
12	0.29
23	0.25
328	0.25
12	0.24
15	0.28
16	0.24
12	0.34
10	0.24
12	0.24
20	0.25
722	0.26
51	0.23
29	0.31
17	0.23
197	0.23
16	0.23
36	0.3
89	0.26
24	0.26
14	0.23
14	0.26
67	0.24
1521	0.45
27	0.23
34	0.23
65	0.24
10	0.23
20	0.23
12	0.23
23	0.23
16	0.22
16	0.22
13	0.22
24	0.22
12	0.27
142	0.22
19	0.75
10	0.21
17	0.21
16	0.22
87	0.21
23	0.21
40	0.21
14	0.22
11	0.21
1419	0.25
36	0.23
12	0.24
17	0.24
100	0.21
31	0.2
24	0.22
50	0.2
16	0.2
18	0.19
32	0.19
23	0.19
10	0.19
10	0.19
12	0.19
69	0.19
11	0.18
16	0.32
342	0.19
20	0.2
14	0.54
21	0.43
117	0.18
42	0.22
10	0.26
115	0.3
21	0.17
19	0.17
31	0.21
31	0.18
16	0.18
34	0.16
16	0.17
70	0.16
23	0.17
11	0.16
13	0.16
343	0.17
68	0.15
28	0.15
37	0.14
11	0.14
302	0.14
39	0.14
52	0.14
15	0.13
400	0.13
14	0.13
21	0.12
90	0.12
59	0.12
19	0.11
41	0.11
16	0.11
116	0.13
10	0.1
101	0.18
11	0.1
15	0.1
39	0.1
19	0.09
12	0.09
82	3.12
167	0.09
11	0.08
119	0.08
20	0.07
24	0.12
