8882
21	40.05
185	37.23
277	36.96
55	36.77
40	18.3
32	17.98
103	17.57
171	34.95
207	17.41
19	17.93
16	17.16
35	17.16
142	16.79
43	33.64
68	16.79
18	32.58
15	14.91
54	16.49
160	32.91
12	32.68
50	16.11
39	32.43
72	16.21
14	32.16
27	48.18
31	48.06
11	28.37
10	15.94
23	30.64
127	32.35
46	31.08
20	15.66
16	31.27
21	31.14
12	29.81
26	62.24
16	30.31
101	15.52
46	15.47
11	15.45
15	15.43
18	29.99
29	15.41
11	15.39
10	15.26
29	15.24
78	44.72
26	29.96
38	14.97
69	14.72
44	14.92
13	7.44
12	14.83
162	29.26
169	28.96
40	14.73
32	7.25
141	14.48
176	14.56
24	14.33
19	29.07
13	13.67
14	26.32
12	28.9
17	28.47
15	14.33
34	14.28
17	7.13
23	14.17
18	14.11
152	13.86
62	14.01
10	14
14	26.98
12	13.92
20	13.92
15	40.29
15	27.76
31	13.87
14	6.93
16	6.84
14	13.61
12	27.21
18	13.46
11	13.43
13	25.76
11	6.67
29	13
65	19.71
101	13.12
19	52.54
17	13.1
12	13.07
67	20.77
46	25.11
13	26.03
41	14.65
147	12.93
10	25.91
118	28.15
10	6.48
68	12.93
34	25.43
30	6.67
42	13.17
12	7.23
10	11.86
23	6.39
14	12.76
30	12.74
14	25.45
11	25.33
10	47.49
39	24.82
19	25.29
13	12.6
27	12.36
12	12.49
61	38.41
10	24.95
12	53.89
11	12.43
48	12.43
62	12.4
15	6.19
13	12.33
27	18.35
22	6.14
19	24.52
24	11.98
28	24.41
51	14.42
18	12.12
11	12.1
15	22.58
17	12.08
51	24.15
41	30.16
13	6.02
15	11.41
20	6
35	56.17
31	11.98
20	5.96
10	11.9
10	5.92
19	5.91
19	5.91
17	11.8
13	11.75
13	11.74
23	5.87
91	23.01
10	11.62
16	11.61
17	11.52
25	22.8
30	23
12	11.48
14	11.07
16	5.73
16	43.63
56	22.31
17	11.42
18	10.92
10	5.69
43	11.33
29	11.31
31	11.29
29	28.45
10	5.58
13	5.57
10	16.72
15	11.12
17	5.54
13	11.06
21	22.11
16	5.52
11	11.02
13	11
21	5.5
33	10.95
29	21.14
11	21.78
20	10.87
16	10.86
12	7.2
29	15.91
13	45.93
40	10.61
12	21.17
111	5.21
10	5.2
14	5.19
25	19.9
26	5.18
16	30.12
25	10.36
17	5.18
27	15.54
13	10.28
20	10.28
10	28.77
16	5.13
40	28.88
12	10.23
18	9.94
30	10.2
21	10.14
15	15.2
24	27.26
11	13.68
26	10.01
11	4.98
10	4.97
11	14.88
23	9.88
10	16.69
10	9.74
17	9.73
20	9.51
14	9.51
12	9.51
24	17.93
10	9.38
141	9.3
17	9.08
10	9.29
153	18.39
15	9.25
118	9.18
48	18.23
30	4.55
39	4.52
22	8.88
38	17.62
32	4.39
27	34.45
12	8.52
11	12.78
20	4.2
18	47.68
11	4.18
24	4.1
12	4.02
10	7.96
12	7.92
15	3.87
21	14.24
18	3.65
22	7.26
10	7.16
19	13.89
12	3.19
17	3.07
26	12.09
10	2.99
13	5.93
10	1.75
14	2.73
15	10.83
35	5.39
17	4.71
10	2.1
12	8.5
59	2
25	3.36
14	2.91
14	1.37
10	2.71
13	2.58
10	2.38
