16.21
17.41
16.79
26.03
16.49
14.97
25.33
10.28
12.93
6.67
56.17
38.41
36.96
16.79
36.96
7.25
34.95
5.21
32.35
3.19
10.86
9.3
36.96
9.29
13.0
32.91
34.95
5.39
9.51
10.36
14.48
12.43
4.2
10.95
20.77
5.87
12.4
34.95
15.47
34.95
11.29
36.77
32.43
18.39
12.93
31.08
12.08
12.93
11.12
28.96
12.33
38.41
32.91
15.52
17.41
15.94
9.51
32.35
14.88
17.16
1.75
17.16
12.4
3.19
16.79
13.67
14.56
28.96
34.95
7.2
12.43
6.39
13.07
14.33
9.3
24.15
5.39
34.95
13.86
14.73
6.14
15.39
28.96
14.24
34.95
17.16
36.96
14.92
14.91
16.11
7.96
13.12
11.12
17.57
5.21
15.52
18.3
14.73
24.82
24.15
28.96
23.0
45.93
4.52
3.07
56.17
14.72
15.94
32.35
9.18
17.57
32.35
16.79
13.1
29.26
13.86
28.45
5.21
12.74
18.23
34.45
7.16
36.96
9.18
27.76
32.68
5.21
30.16
17.16
32.43
17.93
16.79
32.35
12.4
37.23
37.23
13.67
13.86
15.91
14.11
7.25
28.15
5.21
12.93
28.96
12.4
32.35
12.4
17.57
27.21
18.39
2.0
23.0
14.42
12.4
3.87
4.98
18.23
17.98
5.52
36.96
32.35
12.93
14.42
32.91
13.12
30.12
27.76
14.72
15.24
16.79
29.26
36.96
17.41
5.21
15.26
37.23
34.95
12.93
34.95
13.87
28.15
4.98
29.26
3.19
5.91
14.48
25.29
32.35
12.09
14.33
5.57
14.73
28.15
18.3
16.11
32.91
28.15
26.32
4.2
10.01
36.96
28.96
3.36
4.55
14.42
13.12
5.21
44.72
11.0
47.49
32.43
11.62
15.52
32.35
48.18
56.17
9.73
14.24
37.23
14.24
12.12
25.11
32.91
18.23
25.29
13.17
16.21
30.31
16.21
36.96
12.4
36.96
4.52
12.43
14.01
12.93
6.0
5.39
17.57
15.52
6.19
17.57
15.52
44.72
9.18
17.41
56.17
29.26
17.41
14.33
18.23
25.45
36.96
12.74
11.02
13.87
56.17
5.21
5.58
48.06
7.26
13.12
11.98
15.52
32.91
44.72
29.96
62.24
37.23
13.68
16.49
5.73
23.0
22.8
32.35
13.89
32.91
15.54
14.65
13.0
18.23
14.56
30.12
16.79
53.89
23.01
29.96
36.77
20.77
13.92
5.21
37.23
15.45
14.56
5.13
36.96
13.12
29.81
36.96
14.24
32.91
10.87
36.96
30.64
32.91
17.41
5.52
15.52
15.24
32.35
9.3
22.8
48.06
17.57
13.89
32.35
14.48
8.88
3.36
36.96
32.91
17.57
29.96
33.64
9.38
25.29
12.93
22.31
18.3
5.87
14.56
10.14
13.87
33.64
5.21
13.92
23.0
14.56
29.26
22.8
43.63
10.61
32.91
32.16
56.17
14.01
4.52
14.24
11.74
9.18
10.92
36.96
37.23
12.08
18.35
29.26
28.15
9.18
16.79
32.35
31.08
11.07
14.42
28.15
5.18
6.48
24.41
2.38
32.91
14.73
13.86
13.17
5.39
36.96
2.58
28.47
44.72
30.64
7.23
12.4
16.79
29.26
13.12
20.77
13.86
34.45
16.21
13.86
34.95
2.0
28.96
12.43
13.86
6.14
22.58
14.01
5.21
14.48
10.36
11.0
14.97
6.84
14.92
44.72
18.39
5.39
2.38
14.48
28.15
17.62
12.4
3.65
2.71
9.3
25.43
16.79
36.96
18.39
11.61
17.41
17.41
9.51
12.43
34.95
36.96
23.0
37.23
18.3
12.4
18.3
5.57
15.47
15.47
15.66
14.28
37.23
37.23
14.11
5.21
14.42
10.61
5.21
5.18
36.96
25.33
5.58
38.41
56.17
15.52
34.95
21.14
12.33
29.26
25.76
14.88
5.54
13.86
14.17
31.08
11.07
18.39
40.29
52.54
12.93
4.52
16.79
9.18
17.41
5.87
9.18
17.41
14.42
28.96
14.48
9.94
15.54
16.11
34.95
18.39
25.11
9.3
16.21
12.36
36.77
12.43
14.56
47.49
16.79
19.71
26.32
14.17
29.26
12.93
6.0
5.5
17.98
15.47
14.72
11.02
9.51
6.93
16.69
44.72
22.31
16.21
13.12
13.86
12.09
22.31
36.96
19.9
12.93
5.5
2.73
7.92
5.21
28.88
16.79
5.52
5.92
14.48
5.21
12.09
4.71
32.91
13.12
17.41
5.18
29.07
14.01
13.86
16.72
15.45
28.15
32.91
37.23
10.86
12.93
16.21
14.72
9.18
21.17
6.0
29.26
32.91
43.63
29.26
13.86
13.92
13.61
34.45
32.43
5.21
11.33
13.86
7.13
15.26
10.92
4.1
32.35
32.43
9.3
11.8
9.18
18.39
12.93
13.12
22.8
11.86
25.43
52.54
30.31
33.64
10.83
14.56
12.93
48.18
13.1
52.54
6.67
3.36
36.96
5.21
25.11
29.26
37.23
17.62
23.01
17.57
9.73
16.21
22.11
25.76
12.93
17.93
37.23
36.96
14.48
24.82
5.39
14.48
36.96
13.17
7.2
14.56
10.95
11.31
11.9
28.96
13.1
34.45
27.21
32.91
14.24
15.66
12.09
37.23
13.12
4.52
9.29
9.18
15.52
31.08
11.8
3.65
36.77
31.08
37.23
5.91
10.87
14.56
12.93
28.96
32.43
15.52
12.12
20.77
5.57
28.9
11.75
5.52
11.29
37.23
12.4
12.93
36.96
4.39
13.86
2.0
21.78
47.49
38.41
18.39
24.82
14.01
2.0
2.1
24.15
20.77
14.28
5.91
14.56
5.87
14.17
32.58
36.96
25.91
43.63
9.88
37.23
7.23
11.29
17.41
11.86
6.67
18.39
32.35
17.41
10.36
11.41
28.15
28.15
19.71
5.91
12.93
36.96
37.23
38.41
13.86
9.18
11.29
28.96
13.0
15.91
23.01
44.72
12.4
12.93
10.83
28.96
11.29
16.79
36.96
17.41
14.48
15.47
21.14
30.64
36.96
14.72
29.96
14.48
11.98
5.91
28.37
16.49
5.18
9.3
17.41
14.91
11.33
36.96
10.61
15.91
10.28
15.47
11.29
44.72
13.86
36.77
12.93
52.54
30.64
18.35
16.79
28.15
22.8
36.96
9.51
32.91
12.74
5.18
13.86
12.6
13.86
5.58
17.93
32.43
2.0
16.11
36.96
5.54
15.54
22.58
32.43
13.12
32.91
17.41
22.31
37.23
5.87
15.2
13.86
4.52
7.26
17.41
2.38
3.07
17.41
36.96
13.67
36.77
13.86
32.91
8.5
9.3
9.73
53.89
15.47
2.91
13.1
14.56
14.92
10.28
14.72
17.41
28.45
12.74
17.16
9.29
17.57
22.11
9.18
30.16
23.01
13.12
14.56
6.39
4.18
24.15
34.95
34.95
13.87
5.73
14.56
22.31
9.3
11.06
17.57
12.36
10.14
48.06
4.97
14.42
37.23
28.96
21.78
28.45
23.0
16.11
11.61
11.33
14.92
14.97
18.39
17.57
12.93
14.65
13.87
32.35
13.86
27.76
13.17
14.48
2.0
36.77
14.48
24.41
28.45
18.23
9.74
14.01
11.33
9.3
16.79
15.52
5.93
17.41
25.11
4.52
17.41
19.71
17.57
17.62
32.35
12.93
24.15
34.95
12.93
29.07
26.32
13.0
29.26
13.61
14.48
34.95
9.73
21.14
12.4
12.76
13.12
23.01
15.52
13.86
48.18
4.2
38.41
26.03
15.41
7.26
4.2
5.18
36.96
28.96
36.96
32.35
36.96
9.3
34.95
9.74
14.83
23.01
7.96
4.98
14.01
6.0
28.37
9.18
14.33
2.99
22.58
10.87
6.67
25.43
5.21
3.36
11.02
14.48
12.76
14.48
5.93
12.09
14.56
12.93
18.3
15.66
2.38
19.71
3.36
6.84
14.0
2.71
14.01
2.71
17.41
16.11
28.96
37.23
16.21
22.31
12.08
14.72
3.07
37.23
17.57
25.11
17.41
14.28
14.01
15.52
14.56
13.12
2.73
13.61
26.32
29.26
18.39
30.64
16.79
36.96
5.19
25.33
36.96
29.81
36.96
4.1
34.95
30.16
9.25
31.08
14.56
27.21
12.93
14.48
5.39
14.72
19.71
17.57
5.21
32.91
2.1
62.24
28.96
32.91
32.91
19.71
17.57
32.35
14.56
16.49
38.41
34.95
16.21
34.95
9.88
8.88
13.12
7.23
27.21
14.56
30.16
5.18
18.39
5.21
32.91
10.95
31.08
4.55
9.3
13.87
38.41
26.03
9.51
19.71
15.52
29.26
5.39
28.96
15.47
9.3
6.39
25.76
23.0
24.41
9.25
5.21
24.52
10.61
10.2
24.95
15.54
19.71
9.3
31.27
12.93
17.62
20.77
15.39
14.01
13.46
13.17
13.86
13.12
9.3
13.89
23.01
9.25
28.96
9.3
19.71
15.41
17.41
32.58
36.96
34.95
37.23
12.93
32.91
24.52
13.46
30.64
5.52
16.79
44.72
28.96
17.41
28.96
29.26
25.43
32.35
4.52
48.18
3.65
24.52
12.1
3.36
32.91
14.48
48.06
17.98
9.51
14.73
5.21
32.43
2.0
12.36
28.47
17.41
47.49
6.0
29.26
14.48
28.88
14.56
2.99
4.1
12.93
28.15
17.41
14.72
16.11
12.36
2.71
12.1
14.42
2.0
27.21
5.21
16.21
52.54
17.93
15.47
26.03
40.05
15.47
17.57
48.06
36.77
23.01
9.3
15.52
23.0
14.65
30.16
24.82
21.14
23.01
11.31
12.93
16.21
11.33
9.3
10.2
21.78
14.42
17.16
28.96
9.88
18.39
24.41
29.07
36.96
5.21
13.86
17.41
16.79
17.41
11.29
10.95
13.68
9.18
23.01
7.44
6.39
17.57
36.96
29.99
14.56
9.18
36.96
15.24
17.41
9.3
5.21
44.72
17.41
23.0
10.14
11.98
14.11
13.87
16.79
47.68
14.48
11.98
23.01
9.3
18.39
5.19
16.79
14.48
13.17
7.2
5.93
24.82
9.3
13.43
16.21
4.18
31.08
13.43
6.14
32.91
14.01
28.96
14.48
17.16
34.95
30.16
18.39
16.21
9.3
24.95
47.68
15.66
14.24
17.57
9.08
28.15
12.93
28.15
15.52
44.72
6.14
36.96
8.52
14.42
9.3
14.56
17.41
10.2
26.03
9.3
14.01
10.61
28.9
10.2
11.75
14.73
14.65
7.44
23.0
16.79
4.52
22.31
11.29
9.3
12.43
44.72
12.93
62.24
13.86
10.95
11.42
5.54
20.77
14.48
12.09
17.57
14.33
14.56
12.08
17.62
40.29
20.77
29.26
32.35
4.39
13.17
12.93
7.25
11.42
15.52
14.56
43.63
12.93
34.95
9.08
2.0
17.57
16.21
17.41
17.93
31.27
15.54
25.11
14.92
17.41
4.52
18.39
13.12
11.0
14.48
17.57
12.93
5.18
14.73
16.49
44.72
36.96
9.3
9.18
13.46
36.96
38.41
32.91
11.52
11.02
12.93
19.9
16.79
9.51
5.91
23.01
32.35
15.39
32.91
7.13
34.95
3.36
11.07
10.61
34.95
11.41
14.33
16.79
28.15
5.21
19.9
22.8
9.29
13.1
9.88
23.01
34.95
28.88
32.91
9.51
12.93
33.64
11.75
4.1
15.66
6.84
25.11
3.19
11.0
7.13
28.96
32.16
15.24
33.64
5.18
26.98
14.42
17.41
6.67
29.26
4.97
22.8
16.79
38.41
16.21
14.72
13.86
11.02
36.96
9.18
6.84
16.21
12.78
6.14
22.31
37.23
7.25
48.06
11.12
23.01
12.93
32.43
28.15
29.26
5.21
24.15
30.16
44.72
33.64
13.86
9.18
5.39
17.62
13.46
17.41
3.36
12.93
14.91
16.79
4.02
25.29
14.65
13.86
11.0
10.86
22.11
11.42
13.86
17.57
17.16
32.91
16.72
28.96
28.15
28.45
20.77
14.56
28.15
14.56
11.75
29.26
32.35
32.91
20.77
17.93
32.91
18.23
28.88
24.41
10.95
14.56
44.72
25.45
25.45
13.86
14.97
36.96
10.92
44.72
5.57
10.14
2.0
12.93
22.31
30.16
28.96
7.2
25.11
13.86
14.56
11.9
19.71
4.18
36.96
18.3
30.64
4.1
32.35
36.96
7.92
10.87
12.93
14.56
14.56
15.26
31.08
7.13
15.52
4.55
6.19
38.41
12.93
18.39
5.91
5.18
11.31
12.93
36.96
38.41
8.52
37.23
40.29
9.88
48.18
13.07
25.29
13.12
14.92
32.91
11.12
9.3
14.92
29.26
40.05
17.41
14.48
17.41
33.64
19.71
12.08
18.39
4.18
14.48
12.93
17.41
22.31
12.93
12.09
8.5
25.43
30.16
36.96
36.77
32.58
15.52
16.79
28.15
21.14
10.61
14.28
14.56
25.43
31.08
36.77
15.52
36.96
3.07
17.98
2.73
27.26
18.39
25.29
3.19
8.5
12.93
14.97
16.21
12.93
6.67
23.01
16.49
9.18
37.23
5.13
11.8
25.11
14.48
24.52
20.77
6.19
36.77
9.3
11.42
11.74
17.41
14.72
28.88
16.79
18.23
2.91
14.56
24.15
16.49
16.21
17.62
12.93
25.76
19.71
14.48
18.39
16.79
9.3
17.57
14.97
11.98
15.52
11.48
12.93
5.21
36.77
4.1
34.95
14.0
15.41
10.61
5.58
12.49
28.15
17.93
13.12
10.36
20.77
13.0
9.3
18.39
31.14
16.79
17.93
32.43
12.93
9.29
20.77
28.96
9.73
28.96
15.94
9.18
12.74
14.56
37.23
9.51
16.49
9.73
14.01
14.97
10.83
12.93
12.93
12.93
12.12
14.42
19.9
15.52
9.18
7.13
12.93
18.23
36.96
14.48
13.92
30.64
27.76
53.89
12.93
17.41
1.37
17.57
37.23
18.39
14.01
32.35
9.3
14.56
1.37
12.93
13.86
12.76
9.38
18.39
21.14
44.72
18.35
30.31
12.33
17.57
2.0
52.54
13.07
16.79
17.16
27.26
14.33
5.21
28.96
17.57
17.41
12.93
25.43
17.57
15.24
28.88
37.23
13.17
6.67
17.41
6.84
62.24
14.42
12.4
36.96
28.47
8882
22.11
28.15
15.52
17.57
14.48
14.56
9.18
13.07
15.47
29.81
33.64
14.56
3.87
9.51
9.18
15.47
5.21
12.36
13.86
16.49
34.95
26.98
4.1
6.67
16.79
4.02
5.54
47.68
33.64
25.11
23.01
18.39
24.41
13.87
14.97
9.73
9.88
23.0
31.08
14.01
9.51
32.35
37.23
22.31
7.26
34.95
38.41
4.98
36.96
11.86
11.98
10.61
11.29
14.83
15.47
6.39
11.07
10.95
9.88
18.35
12.36
5.18
16.79
13.12
13.61
14.56
14.42
31.27
28.15
36.96
2.73
29.07
15.52
18.39
17.57
29.26
13.0
12.93
10.61
17.62
4.2
25.11
6.14
14.42
14.73
28.96
29.26
37.23
13.86
13.86
15.52
17.41
5.39
19.71
5.91
48.06
13.86
37.23
11.9
14.0
17.41
32.91
33.64
4.18
32.91
38.41
2.58
9.88
5.5
13.12
11.61
37.23
33.64
26.03
34.95
32.16
8.88
4.39
9.73
10.61
16.79
7.2
10.83
5.18
5.92
30.64
18.39
17.41
29.26
32.35
37.23
16.21
31.08
28.96
11.74
5.91
5.92
14.56
15.47
5.52
28.96
19.71
13.89
52.54
16.11
14.24
16.79
13.87
18.23
24.15
23.0
15.52
15.52
17.41
19.9
5.21
5.91
11.06
11.33
2.99
12.1
14.92
30.31
37.23
4.71
3.87
17.62
10.01
30.16
36.96
38.41
11.42
28.96
14.56
14.92
5.21
37.23
29.26
17.98
32.35
10.28
34.95
5.69
16.79
17.57
14.72
24.82
11.29
10.28
14.42
12.43
14.72
12.12
13.92
14.0
4.2
32.35
14.24
4.1
13.86
24.82
9.3
36.96
9.18
13.12
17.62
47.68
37.23
11.31
14.56
32.43
18.35
6.84
23.01
17.41
28.15
12.43
4.97
30.16
9.3
9.18
12.93
24.82
6.19
22.8
4.39
24.82
17.57
34.45
16.11
12.43
10.01
34.95
14.17
28.45
15.2
19.71
40.05
15.47
19.71
28.15
36.96
33.64
20.77
15.47
9.3
16.79
11.52
17.41
36.77
11.98
29.26
4.97
2.91
13.92
12.09
17.41
5.87
13.07
28.15
16.79
3.36
13.17
47.68
7.44
13.1
2.0
7.92
13.17
10.86
9.51
16.79
15.52
14.97
36.96
32.91
5.52
5.19
13.86
40.05
37.23
14.56
14.65
34.95
17.41
13.0
38.41
14.56
9.73
29.26
9.18
18.23
23.0
9.18
34.95
18.39
16.79
7.25
44.72
5.54
11.48
3.07
17.41
14.48
25.11
15.24
6.0
13.86
9.51
10.36
14.33
13.87
18.23
4.2
17.41
17.41
31.08
19.71
32.91
34.95
9.73
17.93
26.32
13.17
11.98
18.39
18.23
24.15
28.15
36.77
27.21
15.52
28.9
17.41
9.51
32.35
28.96
14.56
25.45
14.01
16.21
36.96
36.96
28.96
32.43
47.49
11.74
32.91
3.87
36.77
22.31
44.72
5.54
28.96
48.18
14.0
23.0
5.92
17.41
30.16
25.11
9.51
12.93
34.95
10.92
32.35
14.42
16.79
3.19
5.21
16.79
14.48
32.35
13.17
11.9
25.43
6.39
10.61
30.31
16.79
10.95
17.16
14.17
44.72
15.45
13.92
17.41
25.33
24.41
29.96
47.68
36.96
13.86
17.41
5.13
36.96
14.33
22.58
9.18
10.83
25.11
4.39
36.96
13.86
24.15
32.91
9.74
14.48
16.79
30.16
4.55
34.95
28.15
7.13
12.1
12.93
20.77
36.96
14.91
21.14
17.62
12.36
1.37
44.72
32.91
14.92
11.33
20.77
15.52
9.18
13.07
40.29
28.96
7.25
16.49
13.1
16.49
3.87
29.26
11.61
10.28
15.47
28.96
13.86
16.79
10.83
10.83
27.26
13.86
14.72
13.67
34.95
7.26
28.9
40.29
18.39
28.15
13.12
16.11
12.74
28.88
18.39
16.79
45.93
17.16
36.96
11.29
5.87
18.39
29.26
13.87
18.39
14.56
12.74
34.95
9.94
9.88
34.95
9.25
36.96
22.31
22.31
18.39
29.81
13.67
12.93
16.69
29.26
21.17
12.74
15.2
6.67
23.01
12.4
16.79
22.31
15.91
32.91
14.56
18.39
17.62
34.95
15.52
20.77
15.52
36.77
14.48
1.37
15.41
16.79
6.67
19.71
38.41
9.94
12.93
14.48
48.18
14.72
19.71
14.92
20.77
5.92
14.72
6.0
7.25
13.86
15.52
37.23
17.41
15.47
13.92
13.86
24.15
15.91
15.47
3.65
13.92
12.12
14.56
15.41
18.39
7.25
2.91
34.95
28.15
12.74
9.18
12.4
12.08
5.91
4.39
32.35
6.67
33.64
14.65
9.94
7.26
28.45
8.5
27.26
16.49
16.79
21.14
28.96
30.64
9.18
36.96
12.74
16.79
6.14
5.2
8.88
6.67
5.21
7.26
16.11
13.89
21.17
7.26
29.26
12.36
12.4
14.48
48.06
17.57
29.96
33.64
17.41
17.41
17.62
12.93
12.43
28.15
5.18
5.52
14.48
29.26
21.17
14.56
24.52
16.49
11.98
5.18
14.92
17.98
17.41
32.58
14.01
47.68
14.73
17.41
10.83
16.79
14.72
13.12
23.01
12.93
12.36
30.16
32.91
37.23
53.89
14.48
28.88
12.4
34.95
22.8
12.93
9.51
36.77
32.91
36.96
18.39
17.98
11.02
14.72
28.15
28.96
5.91
6.93
18.39
7.96
16.72
16.21
25.11
29.26
24.15
9.3
13.86
13.12
16.79
12.12
3.19
5.73
36.77
13.12
28.15
4.02
14.91
36.96
25.33
28.37
9.38
12.93
28.96
14.42
12.4
34.95
32.91
36.96
11.31
12.1
14.65
11.0
25.76
31.14
9.18
17.57
12.4
38.41
11.41
48.06
5.52
15.45
11.98
11.52
16.11
7.23
13.1
28.45
48.06
12.36
28.15
9.74
20.77
13.86
13.12
5.21
19.9
6.93
34.95
17.16
16.21
17.41
12.93
32.91
32.91
5.39
15.52
32.35
25.11
25.43
15.41
5.93
14.48
6.19
14.42
5.21
10.87
9.88
36.96
28.88
13.87
33.64
17.41
14.01
14.28
14.48
29.26
27.76
36.96
6.93
30.16
12.93
32.91
11.61
14.72
12.93
15.41
4.39
16.11
5.93
19.71
8.52
14.92
7.92
25.76
5.21
21.14
12.4
28.15
15.41
19.9
24.82
14.92
48.06
28.77
32.35
53.89
12.93
14.56
24.15
13.68
32.35
19.9
17.41
15.47
11.41
16.11
3.36
25.33
31.08
12.33
4.97
24.52
14.56
38.41
12.4
13.87
4.55
14.11
10.61
5.5
9.18
14.48
34.95
31.14
2.0
40.05
37.23
31.27
9.88
28.96
14.73
32.35
10.92
14.48
18.23
13.86
18.3
37.23
36.96
15.94
36.96
32.58
19.71
24.15
40.29
11.33
22.58
36.96
13.1
30.16
9.88
36.96
37.23
28.96
45.93
4.39
11.12
36.96
2.0
15.47
18.3
29.26
27.76
23.01
48.06
32.35
18.39
36.96
12.43
13.0
16.49
34.45
10.28
21.78
32.43
31.14
9.3
13.87
13.87
47.49
5.69
6.67
32.91
32.43
16.79
36.96
14.56
31.08
9.3
12.36
14.73
11.29
14.56
13.46
9.38
17.41
4.39
29.99
11.86
13.12
9.18
32.91
7.26
11.75
31.14
15.26
36.96
9.51
32.91
26.32
5.18
16.49
13.17
9.18
16.79
5.19
32.16
14.91
27.26
17.41
11.98
24.95
28.15
19.9
17.98
15.91
15.24
9.3
29.07
19.71
32.43
43.63
13.07
16.79
11.98
9.3
9.08
5.2
7.16
13.86
17.57
32.35
13.12
11.29
34.95
14.48
15.52
36.77
4.52
13.61
16.79
6.67
19.71
19.71
13.87
28.15
38.41
6.67
5.21
11.42
36.96
32.91
28.47
9.18
33.64
25.43
12.12
13.0
14.33
17.62
13.12
14.56
37.23
5.19
11.74
15.47
17.57
28.15
4.2
3.36
12.93
13.46
36.77
5.2
5.13
24.15
9.18
36.96
30.16
28.96
14.56
17.16
18.39
17.93
11.0
12.93
4.55
2.0
2.0
12.93
40.05
32.91
15.41
19.71
18.23
9.18
13.86
8.88
14.33
9.3
28.9
36.96
14.42
24.82
12.93
17.62
48.18
37.23
48.18
23.01
14.24
28.15
28.96
48.18
23.01
29.96
9.18
44.72
12.93
2.99
5.13
4.55
36.77
20.77
52.54
12.93
32.91
17.41
4.39
13.92
19.9
23.01
31.08
15.52
29.26
17.41
18.39
14.56
16.79
13.46
31.27
14.24
44.72
32.35
15.54
11.98
36.96
16.11
10.61
17.16
28.96
5.21
21.14
2.91
36.96
16.79
13.07
32.91
10.61
26.32
7.16
32.91
5.21
28.15
17.62
3.65
17.57
7.16
12.93
5.39
6.48
7.26
14.56
9.18
4.71
17.93
9.3
17.57
17.57
22.31
12.93
7.26
48.18
31.14
14.73
3.65
32.35
11.48
13.17
22.31
36.96
9.51
18.23
28.15
36.96
34.95
14.92
9.25
14.72
29.26
32.35
5.39
12.33
28.77
10.28
1.75
12.09
9.51
17.57
15.47
28.96
11.33
18.39
28.96
9.51
16.11
12.12
9.51
32.43
27.76
34.95
17.57
12.36
28.15
16.79
12.43
17.57
12.93
5.87
11.42
7.25
36.96
14.33
2.0
5.93
14.56
17.41
12.93
20.77
12.93
32.35
15.39
6.19
14.92
10.2
14.48
11.98
44.72
7.2
9.3
4.52
28.96
24.15
12.93
24.82
2.0
2.71
10.14
14.56
28.15
30.31
14.56
36.96
6.0
32.91
23.0
12.93
16.79
11.31
15.24
9.08
18.39
34.95
12.4
23.01
32.35
5.21
29.26
5.18
37.23
23.01
13.92
13.17
17.41
10.2
15.52
2.0
28.15
5.92
13.1
15.45
5.73
10.86
28.37
19.9
11.62
22.31
29.96
56.17
10.92
14.56
37.23
12.43
29.26
29.99
2.0
17.93
13.92
36.96
7.96
32.35
24.52
9.51
36.96
9.18
13.0
14.56
11.42
18.3
9.3
16.21
5.19
24.15
9.25
9.3
11.8
17.98
7.25
53.89
13.43
31.14
14.56
6.84
37.23
5.91
24.82
20.77
34.95
14.48
5.73
24.82
14.73
17.57
32.91
6.93
36.77
11.41
18.39
23.01
15.66
28.96
38.41
6.14
5.91
40.29
12.08
26.32
14.65
13.07
23.01
14.88
14.56
22.31
36.96
10.2
14.83
30.12
33.64
36.96
6.0
14.97
34.45
13.12
14.01
17.41
52.54
29.26
36.96
28.96
15.52
10.61
37.23
15.66
9.18
36.96
17.16
14.48
20.77
10.92
32.35
14.92
16.21
13.89
29.81
4.18
5.18
31.08
25.45
16.79
11.41
14.56
32.16
12.4
12.09
28.15
2.0
9.18
32.35
9.18
6.02
13.07
9.94
32.35
18.23
11.98
16.79
31.14
14.65
17.41
4.52
31.08
32.35
14.33
36.96
17.57
5.69
15.43
14.48
17.41
14.72
3.65
32.35
13.92
18.35
16.79
38.41
16.21
6.67
13.86
15.47
24.15
17.41
48.18
33.64
16.79
32.35
25.11
17.57
37.23
9.51
37.23
15.47
30.31
9.51
9.18
15.91
47.68
5.21
10.28
11.29
12.09
19.71
18.39
8.52
5.21
13.86
6.14
17.41
37.23
26.98
48.18
16.79
13.12
11.74
16.21
14.01
17.41
36.96
14.48
13.68
21.17
32.43
14.48
13.86
10.2
11.98
28.96
13.86
32.91
14.72
34.95
17.57
20.77
16.21
32.91
36.96
10.28
14.92
6.93
13.86
11.29
37.23
15.91
2.71
13.12
14.56
22.31
34.95
15.54
16.79
14.88
13.61
5.21
31.08
9.74
22.31
18.3
16.49
16.79
32.35
16.79
16.21
2.38
15.43
11.42
33.64
6.14
28.15
11.33
6.02
17.62
25.45
17.41
17.41
30.31
21.14
32.91
32.35
28.45
28.96
29.81
12.93
22.11
24.15
34.95
27.26
37.23
11.52
32.35
32.35
12.43
14.48
10.2
15.47
16.79
13.12
5.18
15.24
14.56
9.3
56.17
29.26
8.88
14.72
14.11
9.3
10.95
32.35
27.76
13.0
16.21
14.48
37.23
13.07
36.96
29.96
14.72
33.64
14.72
16.21
7.44
28.15
10.14
38.41
16.49
22.8
24.15
28.88
11.98
12.93
9.74
6.84
14.92
32.91
32.35
3.07
12.93
18.39
24.52
24.52
37.23
24.82
4.1
18.23
15.52
10.83
14.97
52.54
17.98
14.33
40.05
34.95
14.72
16.79
12.93
14.83
10.28
34.95
28.88
13.12
2.0
32.35
10.95
34.95
7.92
10.01
21.78
34.45
34.95
6.84
36.96
10.87
11.61
26.98
18.3
13.12
14.73
11.52
17.57
21.14
17.41
44.72
12.4
36.96
5.21
18.39
13.12
18.39
14.91
28.96
37.23
15.66
12.93
4.55
15.52
28.15
62.24
2.0
4.39
36.96
9.3
18.39
8.52
11.33
17.16
30.16
32.91
5.91
14.56
1.37
25.29
12.4
34.95
11.98
18.39
11.74
13.67
34.95
29.26
6.84
13.61
17.57
14.28
17.41
18.39
36.77
2.0
12.43
4.71
9.74
14.01
29.26
12.43
25.11
5.91
14.88
13.86
12.93
17.57
22.58
12.93
13.12
17.41
14.88
16.21
13.86
3.36
32.35
32.91
5.96
15.66
31.14
17.41
12.4
47.68
28.96
12.93
2.0
16.11
5.87
29.07
18.23
17.57
25.43
12.93
32.35
15.41
17.41
12.6
14.72
24.41
37.23
29.26
11.48
14.28
16.21
14.56
16.79
36.96
17.98
17.41
28.88
8.88
14.73
14.56
18.39
16.79
24.82
14.56
11.06
32.91
28.77
17.62
12.93
9.3
5.54
15.52
15.26
32.35
15.94
11.98
5.21
25.33
18.39
28.15
14.48
14.65
17.98
18.23
14.56
23.01
28.96
17.57
5.18
5.21
5.5
2.1
11.33
14.48
30.12
16.79
17.57
8.88
21.17
5.91
19.71
9.18
13.86
12.93
5.18
14.28
28.15
12.93
5.21
36.96
11.42
45.93
36.96
14.48
32.43
3.19
12.93
30.12
5.2
7.23
14.48
9.3
36.96
34.95
12.43
5.96
12.08
5.73
3.19
11.62
17.57
2.1
28.96
16.79
9.3
14.48
34.95
5.96
2.38
13.17
5.54
9.3
29.26
9.18
36.96
28.45
37.23
5.21
23.01
29.26
25.43
32.35
14.17
14.01
17.41
11.06
19.71
13.17
17.57
29.26
37.23
5.13
24.82
21.14
32.91
36.96
13.92
19.71
17.41
17.41
5.21
13.12
16.21
32.35
10.28
17.16
9.51
27.76
29.26
17.57
11.98
14.56
15.54
37.23
10.95
34.95
37.23
18.35
14.28
32.35
34.95
10.01
13.92
13.86
15.52
9.3
6.39
37.23
17.93
19.71
12.33
8.5
44.72
13.17
1.37
18.39
18.3
25.45
17.41
17.98
10.61
28.45
9.29
15.52
10.01
14.72
10.01
11.33
18.39
7.23
16.72
14.56
36.96
12.4
24.41
9.18
9.51
12.1
10.14
14.92
12.49
15.52
11.12
10.95
32.35
11.07
5.18
12.1
36.96
9.3
29.26
29.99
15.41
10.92
37.23
7.23
7.96
4.52
12.93
5.39
32.91
15.24
32.91
11.12
5.21
36.96
14.33
5.39
12.78
12.08
21.17
9.88
36.96
2.0
6.84
37.23
10.2
44.72
30.31
10.86
9.18
36.96
33.64
13.12
32.91
13.1
32.58
34.95
12.4
4.52
12.36
12.78
17.41
18.39
56.17
15.52
17.98
25.43
14.72
28.15
11.12
2.0
37.23
18.39
5.96
10.2
16.49
30.16
5.91
7.26
10.2
11.98
9.18
15.45
9.3
5.19
11.75
12.93
10.23
44.72
16.49
24.41
11.61
37.23
3.36
12.93
29.26
25.43
10.87
62.24
4.1
15.41
18.23
32.91
18.3
9.18
37.23
24.41
12.78
17.62
34.95
17.57
10.61
10.36
37.23
23.01
9.18
13.1
29.96
12.43
25.43
1.75
14.28
14.24
12.93
14.28
12.08
62.24
48.06
2.99
6.39
29.26
14.01
36.77
15.52
29.96
34.95
5.58
32.91
14.48
16.49
14.97
36.96
10.86
34.95
14.24
18.3
13.17
36.77
9.73
32.91
30.16
28.96
16.79
11.29
28.96
9.3
7.13
16.21
14.72
44.72
5.39
6.02
5.39
6.67
16.21
6.67
26.32
14.48
13.17
36.96
30.16
17.57
17.41
18.39
9.25
19.71
10.92
33.64
18.23
5.87
5.93
2.58
17.93
4.2
29.26
36.96
22.8
3.07
14.01
4.52
36.96
29.26
5.54
5.13
29.26
2.58
24.15
14.56
12.12
28.47
32.68
6.0
15.52
12.1
16.79
10.2
19.9
11.07
24.82
14.56
4.55
10.86
34.45
13.12
12.93
37.23
6.39
18.39
16.72
37.23
29.26
16.79
5.69
13.0
36.96
11.48
14.01
11.86
32.91
9.08
16.79
18.39
17.57
31.14
52.54
15.91
14.56
28.47
13.17
10.28
26.98
3.87
24.82
11.98
23.01
15.47
13.86
13.0
13.87
14.11
37.23
9.18
14.92
12.93
5.39
6.93
24.52
11.29
14.01
34.45
25.29
9.3
16.79
30.64
13.43
13.67
34.95
4.18
28.88
29.26
32.16
22.8
15.52
32.91
62.24
15.52
4.1
12.43
14.56
2.1
14.73
14.56
11.98
14.56
13.87
32.91
38.41
30.64
17.62
14.11
14.72
36.96
8.88
9.94
11.31
37.23
16.49
12.93
36.77
10.36
12.78
12.4
7.96
12.6
15.52
34.95
5.5
16.21
18.39
11.31
5.5
23.01
32.35
13.46
7.25
5.18
16.79
3.19
29.99
9.3
28.96
9.3
13.68
11.42
6.14
10.36
28.96
18.39
29.96
24.15
5.2
37.23
5.18
27.26
7.16
22.8
25.11
38.41
36.77
4.02
16.11
12.12
11.29
26.98
23.01
15.52
28.15
29.99
11.61
14.91
13.86
14.92
36.96
15.47
48.06
38.41
4.02
5.96
15.52
36.96
13.43
48.06
14.24
14.28
13.86
11.07
22.11
16.79
12.43
30.16
30.12
12.76
5.21
4.1
13.86
31.08
24.41
17.41
15.47
9.18
14.56
11.06
37.23
9.18
24.82
13.86
5.54
30.12
36.96
29.26
12.93
36.96
24.15
47.68
36.96
15.52
17.57
37.23
11.61
10.95
16.49
56.17
13.12
9.3
37.23
12.43
14.42
16.79
36.96
5.39
16.49
11.12
14.33
25.43
37.23
14.56
45.93
15.43
28.88
5.5
25.29
5.52
2.38
4.18
8.88
9.08
5.91
25.76
5.73
2.38
4.52
23.0
7.96
36.96
48.18
16.79
18.39
11.12
30.16
13.17
4.71
8.88
12.36
9.08
6.93
16.11
18.39
28.96
56.17
13.92
18.39
14.24
32.91
15.52
2.91
16.49
12.93
13.12
9.18
5.73
28.88
13.86
28.96
16.79
48.06
14.88
25.11
18.39
14.97
25.43
28.77
27.26
7.92
13.12
16.21
10.86
21.14
11.06
15.41
47.68
27.26
25.11
16.79
14.33
31.14
14.65
29.26
14.97
16.11
5.91
12.43
24.15
17.41
38.41
22.11
11.33
14.73
18.39
10.87
28.96
5.21
14.42
25.45
37.23
2.38
13.86
12.4
16.49
47.49
8.52
6.14
32.43
9.18
29.26
22.31
5.93
10.61
17.41
53.89
37.23
16.79
8.5
14.11
3.36
18.3
21.78
32.35
12.76
28.96
13.92
16.79
15.54
15.52
4.55
14.56
13.86
18.35
36.96
19.71
14.97
40.05
37.23
5.96
29.26
53.89
29.26
13.87
25.91
11.74
5.19
25.29
28.88
11.52
14.17
23.0
29.26
14.56
13.12
5.91
12.76
20.77
5.21
15.43
2.58
28.96
8.88
5.21
31.27
17.57
11.29
9.18
12.93
9.3
12.93
14.92
9.08
17.16
36.96
16.21
18.39
44.72
10.92
17.41
62.24
6.67
14.56
11.98
28.15
14.42
12.43
36.96
13.0
5.13
10.2
1.37
10.95
6.67
17.16
31.08
16.79
14.72
8.5
32.58
19.9
32.91
15.43
16.79
16.79
9.3
10.14
9.18
15.39
15.52
19.71
5.91
10.23
2.1
19.71
48.06
28.9
14.33
14.56
18.23
13.61
23.0
11.98
34.95
23.01
18.39
5.87
36.96
32.91
52.54
9.3
32.43
11.98
14.56
36.96
11.98
11.98
7.25
20.77
14.01
14.01
9.3
10.61
2.71
11.31
11.06
19.71
34.95
5.21
28.96
34.95
14.97
23.01
45.93
34.95
4.52
28.96
3.07
10.23
7.96
28.15
23.01
12.74
14.72
12.74
17.57
7.25
52.54
28.15
11.48
12.78
13.43
9.18
37.23
28.96
29.26
1.37
29.99
14.01
17.16
14.73
36.96
26.32
17.93
37.23
13.68
18.3
16.11
29.26
9.51
16.79
9.94
13.86
43.63
18.39
16.49
37.23
9.3
14.48
21.78
9.18
11.06
28.15
12.93
14.48
5.39
24.41
14.91
15.52
14.88
37.23
13.86
14.11
24.82
36.96
11.41
4.55
14.56
28.15
13.92
7.25
14.97
36.96
9.18
9.88
9.88
19.71
31.27
14.56
11.41
13.89
16.11
30.16
18.39
13.92
34.95
14.72
9.51
2.0
12.4
9.3
16.79
16.79
36.96
28.15
18.39
25.43
37.23
37.23
28.45
5.21
16.79
3.36
44.72
28.88
15.91
36.96
14.97
37.23
17.57
44.72
17.57
9.18
9.3
27.76
11.41
29.26
5.87
34.95
14.56
29.26
32.16
29.96
15.47
28.45
4.52
12.93
31.08
9.18
4.2
36.96
22.31
18.35
14.56
33.64
17.41
15.45
10.61
12.93
28.45
14.72
15.24
9.51
36.77
25.11
34.95
36.96
9.3
18.3
18.39
20.77
6.93
19.71
16.49
16.49
17.57
12.93
14.65
11.98
7.16
23.01
36.96
17.41
17.16
22.11
12.93
24.52
28.15
15.54
5.21
32.91
32.91
33.64
17.98
9.3
12.49
30.16
5.18
17.57
23.01
9.18
25.45
14.48
28.96
7.25
7.23
11.98
5.91
29.26
11.61
32.58
28.96
32.91
15.66
2.38
40.05
13.12
27.26
10.92
32.91
6.14
8.52
15.66
24.52
28.15
28.96
36.96
13.61
36.77
16.79
7.13
11.98
18.3
7.44
14.56
37.23
5.18
28.15
24.82
14.97
44.72
17.57
29.26
11.98
45.93
10.95
13.86
21.14
11.8
15.41
7.23
17.41
29.26
37.23
28.15
17.57
15.91
27.26
24.15
32.35
6.02
14.01
28.9
2.0
25.11
28.96
24.15
9.18
5.21
10.23
31.08
17.16
14.28
13.12
13.86
15.52
16.79
17.41
13.92
14.56
31.27
30.31
10.14
24.15
16.72
14.42
9.3
13.12
5.18
22.31
15.66
12.08
12.36
14.28
18.39
16.11
5.92
22.31
15.24
17.41
16.11
14.73
11.02
15.43
14.28
25.11
16.49
15.47
17.41
20.77
6.67
4.71
9.74
17.57
2.73
17.41
15.52
15.66
24.82
3.36
15.52
28.15
23.0
19.9
16.11
10.2
32.35
14.17
5.18
44.72
14.56
12.4
29.26
5.21
13.87
33.64
16.79
44.72
31.27
1.75
34.95
17.41
9.3
3.36
22.58
16.79
15.52
11.31
10.36
5.39
37.23
7.25
28.45
14.72
28.37
28.96
17.41
25.76
28.96
23.01
11.48
19.71
29.26
18.35
14.56
23.01
15.54
44.72
31.14
36.77
12.93
25.43
12.93
12.74
5.21
14.11
36.96
29.26
17.62
36.96
12.49
11.62
14.72
14.33
1.37
11.12
11.62
16.79
13.17
22.31
5.21
14.56
34.45
12.43
12.4
29.26
16.79
10.23
18.3
32.58
9.18
2.0
9.51
5.21
15.2
14.73
16.79
15.41
7.2
12.09
11.33
12.43
28.15
11.75
13.86
16.72
14.48
13.92
12.74
14.56
14.72
12.09
21.14
9.25
62.24
15.2
34.45
18.23
15.54
14.92
37.23
14.28
13.86
10.95
24.41
7.25
14.28
16.79
10.01
29.26
9.18
28.15
9.18
12.93
5.96
5.91
13.17
17.62
15.39
23.01
30.12
9.94
34.95
9.94
5.13
14.73
37.23
5.87
14.33
34.95
14.17
5.21
37.23
34.95
13.12
11.31
5.21
5.21
14.17
44.72
10.92
28.96
28.96
5.87
18.23
12.09
34.95
4.71
12.36
14.48
4.02
36.96
17.41
34.95
3.65
14.72
36.96
36.96
13.86
10.95
17.62
32.35
36.96
15.47
28.96
53.89
28.15
13.17
22.31
5.96
9.3
36.96
38.41
1.37
32.43
37.23
15.24
17.93
14.11
32.43
56.17
17.41
25.11
37.23
9.18
53.89
34.95
9.73
52.54
31.14
14.42
6.39
17.41
36.96
16.21
32.91
13.17
22.11
18.35
21.78
14.56
14.48
32.58
34.95
29.26
37.23
14.65
17.41
6.0
28.96
14.48
15.41
28.96
14.92
29.26
29.26
9.18
11.33
13.12
18.35
18.39
17.41
13.12
20.77
24.82
13.12
16.11
32.91
32.58
14.56
36.96
13.61
5.18
28.96
15.91
10.14
7.92
32.35
14.01
37.23
30.64
15.24
9.18
5.21
17.41
17.93
62.24
23.01
33.64
9.18
5.21
62.24
13.86
28.96
14.48
15.66
9.18
13.86
1.75
9.18
5.21
36.96
4.55
14.17
25.11
13.68
29.26
13.12
14.73
14.56
15.24
14.0
4.39
17.41
32.91
14.48
10.61
10.28
32.91
9.3
4.18
11.02
36.77
16.79
19.71
28.45
25.11
12.93
37.23
10.92
29.26
38.41
14.48
12.93
24.82
13.12
32.91
28.45
18.35
10.61
7.2
12.93
18.3
11.74
10.95
16.79
10.23
23.01
14.56
36.96
48.06
15.47
18.39
23.01
17.57
5.21
10.23
28.15
3.19
11.62
17.41
12.33
5.5
14.72
14.56
28.47
6.02
14.56
23.01
12.76
31.27
28.15
44.72
7.13
20.77
12.43
15.54
28.88
12.43
16.79
4.39
40.05
14.48
10.83
16.79
9.3
28.96
32.91
9.94
32.58
18.39
14.48
28.15
37.23
9.3
32.91
24.15
38.41
16.69
38.41
13.86
7.13
11.33
11.9
15.94
15.24
3.87
16.79
22.31
15.24
7.44
24.82
9.18
15.66
3.07
7.25
30.16
10.28
23.0
14.24
5.2
36.96
16.79
12.4
9.94
16.79
13.1
17.41
36.96
25.11
11.33
37.23
15.52
29.26
14.56
30.12
8.52
18.39
28.96
24.95
9.3
6.67
16.79
31.08
44.72
14.42
5.96
24.52
36.96
37.23
48.06
12.74
22.31
5.96
37.23
17.41
15.54
24.82
4.52
32.35
10.61
12.93
32.35
45.93
13.1
29.26
36.96
36.96
12.4
32.35
11.9
6.48
16.21
31.08
16.11
6.67
4.71
16.49
12.93
24.15
56.17
13.92
13.86
7.96
31.27
24.15
5.39
19.9
22.31
37.23
25.11
2.0
14.42
14.73
5.19
13.89
36.96
18.35
2.0
25.76
17.93
11.07
17.41
23.01
32.91
13.86
14.33
48.06
12.6
15.52
16.79
7.44
40.29
12.1
32.35
15.2
8.88
15.94
6.14
16.21
14.48
4.02
3.07
13.86
13.12
9.94
10.28
36.96
29.26
17.98
6.14
18.39
22.11
36.96
5.21
17.41
14.48
32.35
15.2
17.41
9.18
11.8
29.99
4.18
14.48
16.21
62.24
4.55
4.1
29.26
17.41
16.79
19.71
32.35
19.71
18.39
10.23
12.43
8.52
9.08
36.96
18.39
18.39
10.01
14.65
16.79
11.29
11.33
14.42
10.87
12.4
10.95
17.41
28.96
27.26
25.91
9.3
16.79
14.56
9.18
18.39
12.1
19.9
32.68
24.52
33.64
6.02
28.96
31.08
30.64
17.62
2.0
6.39
40.29
14.28
17.41
30.31
18.39
2.91
14.97
36.96
2.73
22.11
28.96
19.71
15.52
27.26
15.91
36.96
1.37
25.11
9.3
6.0
36.96
28.96
10.28
14.11
32.91
36.96
29.26
15.91
14.92
38.41
10.01
5.5
34.95
10.36
16.11
17.41
28.96
13.61
4.39
12.93
23.01
9.3
9.51
15.52
9.51
36.96
14.17
10.92
9.51
15.45
22.31
5.19
44.72
20.77
16.21
32.58
6.19
21.78
14.42
24.15
14.01
29.81
11.33
16.79
28.15
29.99
62.24
11.8
28.96
7.96
14.73
14.48
10.2
17.41
17.41
31.08
14.97
15.52
17.93
25.11
13.17
16.79
13.86
18.39
8.52
17.16
16.79
13.86
9.3
15.26
37.23
13.12
10.36
14.65
32.91
18.23
17.62
16.79
5.21
12.93
13.07
7.92
6.0
12.09
17.62
33.64
4.39
14.92
9.3
4.2
5.18
18.3
14.97
23.01
16.79
4.39
16.79
17.41
10.95
44.72
32.91
5.18
11.31
16.21
14.56
28.96
29.26
20.77
13.12
18.3
7.2
15.24
32.35
20.77
28.45
17.41
34.95
16.79
12.93
28.9
18.23
32.68
10.2
13.89
4.71
15.41
4.1
30.64
12.76
48.18
14.72
14.92
16.11
14.91
36.96
34.95
5.87
14.42
16.49
9.3
5.21
32.91
28.96
28.47
28.96
14.56
28.96
17.41
3.36
37.23
17.41
45.93
9.3
18.39
10.01
16.79
32.68
34.95
34.95
5.73
10.87
5.91
36.96
11.33
11.07
9.94
9.18
16.79
32.43
14.48
17.93
7.13
6.67
9.94
16.72
40.05
38.41
36.96
18.39
11.31
5.91
9.38
13.86
17.57
2.91
44.72
24.82
23.0
3.65
5.5
23.01
2.73
18.39
9.18
6.67
28.96
16.79
38.41
34.95
12.6
6.39
14.48
34.45
21.14
12.4
16.49
15.24
9.3
10.01
14.48
17.62
10.87
16.49
19.71
32.91
5.21
9.88
17.41
34.95
14.48
13.12
29.26
17.41
15.47
13.17
25.45
10.36
40.05
20.77
28.96
20.77
4.52
6.67
9.3
14.56
13.86
14.48
12.74
13.89
5.21
3.65
48.06
13.86
17.41
14.56
8.88
17.41
27.21
14.48
5.73
13.86
16.11
29.96
17.93
38.41
32.35
24.52
15.2
5.5
14.01
29.26
14.73
12.93
17.41
24.15
16.11
17.93
47.68
17.16
30.31
16.11
16.11
7.92
24.15
15.52
14.72
14.42
23.01
13.86
13.1
17.41
13.46
16.11
13.12
5.21
14.48
32.91
28.15
28.88
16.79
12.12
14.42
2.1
5.57
37.23
14.48
13.67
29.26
16.79
24.15
23.01
4.98
14.92
14.72
14.56
48.18
5.87
12.43
5.5
17.62
5.21
18.35
14.56
14.17
36.96
5.13
16.79
62.24
36.96
15.24
24.95
15.52
16.49
9.3
28.15
37.23
14.65
14.56
5.91
10.87
28.96
14.72
31.08
36.96
12.93
11.12
6.14
16.79
15.54
13.68
17.16
44.72
28.15
11.61
29.26
14.56
36.96
12.93
14.83
18.39
11.33
12.09
4.55
29.26
26.98
28.96
12.49
14.97
17.41
14.48
11.33
40.05
18.3
22.31
29.26
17.41
23.01
10.23
15.52
17.57
14.28
9.3
28.96
13.0
9.88
6.19
20.77
32.43
17.57
18.39
32.35
5.54
16.11
11.41
14.72
13.12
37.23
29.26
12.36
28.96
36.96
37.23
34.95
9.3
28.47
9.3
17.41
34.95
6.84
23.01
28.88
12.36
28.88
12.93
6.39
15.91
3.87
6.39
9.25
37.23
27.26
34.95
12.36
14.11
32.91
13.92
5.21
9.18
15.43
15.54
34.95
56.17
3.07
34.95
12.74
37.23
11.12
12.4
14.42
12.93
36.96
37.23
40.29
9.18
12.4
17.93
25.33
12.43
14.56
30.16
17.41
12.43
28.96
16.79
12.76
10.86
28.96
15.24
5.39
5.18
25.29
28.47
9.29
2.73
28.96
4.55
16.79
13.43
28.77
32.35
36.96
27.26
13.87
32.91
12.43
36.96
5.5
12.93
17.57
10.95
29.26
62.24
22.11
33.64
5.57
17.93
13.12
21.14
14.56
7.25
37.23
12.93
14.92
7.16
18.39
13.86
3.36
25.29
18.39
11.33
8.5
20.77
12.93
18.23
12.93
14.48
14.48
4.98
5.91
26.32
13.12
32.35
12.93
14.33
17.98
28.96
5.21
5.91
25.11
10.01
6.84
2.58
23.01
22.8
47.49
15.2
14.01
40.05
12.08
13.46
30.16
9.3
34.95
31.27
10.2
18.23
17.16
12.93
7.16
17.16
4.2
11.98
29.26
22.11
16.79
12.49
6.0
20.77
16.79
18.3
17.41
44.72
16.79
5.18
29.99
17.57
16.21
15.52
24.15
9.88
16.21
17.57
12.43
36.96
11.0
30.12
11.74
23.01
30.16
11.98
3.07
23.01
3.65
34.95
25.29
18.3
47.68
9.25
52.54
31.08
14.33
15.39
24.41
12.12
12.93
14.0
37.23
15.94
18.35
28.96
34.95
17.57
29.26
25.43
28.15
16.79
13.87
14.33
18.39
25.11
34.95
17.41
11.07
18.39
14.65
11.07
17.16
13.86
14.48
14.11
23.01
36.96
14.56
12.43
4.39
4.55
13.0
3.19
12.36
37.23
2.99
10.61
12.74
38.41
5.21
14.48
38.41
17.93
24.95
62.24
5.21
3.36
25.33
18.39
36.96
14.48
32.35
10.87
5.96
14.01
21.14
2.91
36.96
12.78
16.49
32.91
40.05
13.86
10.36
15.52
19.9
10.95
34.95
16.11
17.98
11.33
14.01
14.56
5.73
13.86
32.91
11.52
14.56
29.96
14.01
14.28
26.03
13.86
62.24
4.2
14.01
13.86
10.61
28.9
3.65
36.96
22.58
13.86
23.0
36.77
5.93
32.35
20.77
37.23
23.01
10.61
11.52
9.3
9.3
34.45
36.77
7.26
11.9
25.43
9.29
17.41
17.57
14.92
7.44
26.98
12.43
25.11
14.01
19.71
13.86
5.21
15.52
34.95
13.89
11.48
13.92
9.3
4.39
32.35
17.57
17.41
28.96
14.48
14.73
3.36
44.72
22.11
13.86
17.57
14.88
30.16
22.11
16.79
28.15
18.35
18.39
10.61
14.42
14.48
10.01
13.86
27.26
4.02
17.57
16.21
26.03
23.01
14.56
15.52
44.72
28.88
28.77
5.57
18.3
6.0
16.11
15.54
28.77
10.95
6.39
2.0
16.79
17.16
28.9
14.48
17.41
5.19
13.86
2.0
11.06
11.98
14.92
12.4
31.27
9.18
9.3
4.71
15.91
12.36
12.33
12.93
14.73
44.72
28.88
30.16
56.17
6.48
5.21
9.3
10.23
13.12
43.63
12.93
12.93
4.1
13.86
16.79
22.11
48.18
11.33
5.21
6.48
7.26
14.83
29.26
29.26
34.95
10.61
11.41
16.49
4.71
13.86
44.72
4.55
15.91
5.52
14.56
14.72
12.43
36.96
16.79
20.77
36.96
36.96
22.11
18.35
29.07
14.48
31.08
11.8
34.95
28.15
12.4
12.6
34.95
36.96
15.52
11.42
36.96
29.81
56.17
11.8
9.18
14.33
4.71
14.72
40.29
23.01
16.49
6.67
6.19
28.96
62.24
36.96
12.12
17.93
29.26
12.74
14.28
32.91
13.86
8.88
14.48
12.4
5.58
5.87
16.79
11.62
34.95
14.92
11.12
14.97
56.17
14.48
5.21
44.72
37.23
20.77
5.39
9.38
9.3
13.86
4.97
17.41
32.91
14.33
32.91
28.96
16.79
20.77
7.26
25.11
16.21
31.08
14.73
10.01
28.88
10.01
12.93
33.64
36.96
7.2
28.96
12.4
32.35
48.18
15.91
10.61
29.26
3.07
17.41
10.2
9.3
4.39
22.58
36.96
29.96
32.58
15.24
28.96
32.91
24.82
29.26
21.17
10.01
5.52
15.54
14.97
18.39
18.35
37.23
17.57
18.39
13.86
9.94
14.33
4.52
4.39
12.36
12.49
12.76
34.95
26.03
36.96
32.35
4.55
7.13
17.41
12.08
17.41
5.92
23.01
3.87
44.72
12.33
31.27
16.79
14.56
17.57
29.26
18.23
34.45
2.91
17.16
5.18
14.24
7.23
18.23
14.01
16.69
11.33
11.29
52.54
16.49
34.95
48.18
13.67
4.1
29.26
12.93
28.15
4.52
27.21
11.61
15.41
44.72
17.41
17.62
44.72
25.45
32.68
2.73
17.57
17.57
15.54
10.86
16.79
14.65
9.18
12.49
29.26
28.15
32.43
34.95
13.67
29.96
37.23
14.72
5.21
15.91
6.84
4.02
22.31
18.39
5.87
22.58
16.11
18.39
15.2
32.91
10.86
9.3
34.95
11.8
2.71
17.62
17.41
13.86
32.35
18.35
32.91
28.88
14.48
6.67
29.26
32.91
16.11
9.08
14.72
45.93
2.99
16.21
25.29
9.73
11.74
14.83
20.77
19.71
12.93
5.91
28.45
17.16
37.23
34.95
34.95
28.96
4.55
14.56
13.89
28.37
16.79
36.96
24.82
32.43
16.49
12.93
5.5
14.56
12.43
22.8
14.48
28.96
27.21
9.18
22.8
20.77
16.49
11.75
15.24
34.95
12.93
22.8
17.16
2.0
23.01
10.28
14.48
28.96
15.47
56.17
10.28
12.93
14.01
27.76
23.01
28.88
29.99
16.21
34.95
26.03
9.38
36.96
16.79
5.58
32.91
12.93
18.39
29.26
28.96
26.98
15.66
13.0
34.95
9.18
9.18
14.17
6.14
31.08
12.93
32.35
27.76
15.41
29.26
13.12
8.88
18.39
16.21
47.49
17.41
5.69
4.98
11.98
11.98
7.13
11.41
5.54
7.44
19.71
28.15
13.86
14.97
14.48
14.48
14.65
5.21
26.98
9.51
14.01
43.63
29.99
16.49
13.0
14.01
7.13
28.15
36.96
48.06
56.17
12.43
37.23
17.98
6.02
14.17
12.93
24.15
9.51
20.77
10.14
5.87
14.48
14.73
10.36
23.0
11.31
28.15
11.61
56.17
18.39
13.17
29.26
13.86
28.88
3.36
36.96
13.46
17.93
32.91
13.12
29.07
3.65
36.96
37.23
11.31
28.15
18.39
8.5
9.94
7.25
5.21
14.56
16.21
16.79
44.72
15.2
14.01
18.39
14.91
17.57
16.11
10.2
28.47
16.79
9.3
13.86
3.87
6.39
38.41
20.77
28.15
4.02
44.72
12.93
25.11
29.26
14.42
28.15
28.15
28.15
28.88
10.36
2.91
24.95
14.56
21.14
17.16
26.03
53.89
10.14
12.93
22.31
15.47
6.67
11.07
37.23
36.96
14.01
22.8
22.31
15.47
13.46
18.39
9.73
4.1
19.71
11.98
15.52
16.11
32.91
36.96
25.43
14.73
16.21
19.71
17.41
17.98
5.73
14.48
56.17
25.43
23.0
34.95
10.87
6.39
24.82
17.57
5.21
32.35
14.92
12.93
13.86
15.2
16.79
8.5
28.45
21.14
13.89
11.98
29.26
19.71
11.06
21.17
11.98
18.39
11.42
5.54
28.45
25.11
10.2
17.41
24.15
29.26
12.93
14.48
14.92
18.39
14.42
13.86
24.15
25.43
10.95
31.14
34.45
7.25
40.05
10.83
36.96
4.1
24.15
18.35
14.97
11.8
13.86
10.61
14.28
17.41
17.16
32.91
23.01
32.43
11.98
14.91
17.57
28.96
29.26
15.66
48.18
37.23
25.91
14.56
15.52
9.25
28.96
5.54
32.91
36.96
14.97
32.35
5.57
11.98
28.96
5.87
16.69
16.79
14.65
2.0
6.39
32.35
23.01
13.12
7.13
32.43
10.36
32.91
24.82
16.49
13.12
10.92
36.96
14.56
12.93
9.3
20.77
32.68
12.93
16.79
32.91
6.67
47.68
3.07
24.82
5.2
29.26
48.18
11.98
11.42
18.39
17.93
37.23
29.99
36.96
34.45
44.72
25.43
34.95
18.39
11.98
48.06
5.93
34.95
34.95
18.23
1.37
40.29
13.87
5.92
5.73
36.96
44.72
32.35
5.21
2.0
6.39
32.16
4.52
25.43
12.09
11.98
14.73
19.71
37.23
13.12
9.3
2.0
6.67
4.1
13.86
30.12
28.96
5.2
25.29
28.15
11.9
17.41
14.48
28.37
4.97
11.0
11.06
5.18
9.18
16.79
6.67
12.43
12.74
15.41
7.26
23.01
22.8
17.41
31.08
14.56
16.79
11.29
48.06
32.91
17.93
2.91
45.93
2.0
9.3
40.29
3.65
18.23
24.41
14.72
12.93
4.39
14.88
6.19
6.19
2.73
11.0
14.11
13.0
12.4
16.79
16.49
28.15
8.52
36.77
24.41
29.26
9.3
14.56
27.26
24.15
32.35
14.65
43.63
22.31
16.79
13.86
18.23
40.05
10.95
15.24
12.43
29.26
16.21
14.56
18.39
28.15
24.41
5.2
14.48
16.11
34.95
14.48
11.0
12.43
14.65
34.95
28.15
6.0
12.93
62.24
18.39
13.0
5.39
22.31
14.72
3.07
14.56
6.93
14.33
29.26
33.64
34.45
2.58
14.88
37.23
36.96
29.26
36.96
37.23
12.4
15.41
14.56
3.07
12.08
9.74
9.51
15.41
36.96
25.91
32.58
5.69
11.31
5.18
18.23
9.3
38.41
14.17
12.93
9.73
16.79
4.39
16.49
10.28
32.43
28.96
37.23
9.51
9.3
12.93
36.96
38.41
20.77
10.01
16.21
1.75
17.41
9.51
7.23
34.95
4.39
2.0
34.95
11.33
9.3
13.86
12.93
9.88
17.41
32.35
38.41
7.44
15.43
17.98
32.35
34.95
4.2
14.01
23.01
18.3
7.25
27.21
48.18
5.69
24.82
6.67
16.49
6.93
32.91
22.31
11.86
24.52
14.73
15.52
6.84
5.57
15.91
9.18
13.87
5.58
14.48
18.3
17.62
56.17
4.52
10.36
13.12
10.28
15.52
5.13
21.14
40.29
4.71
13.43
15.43
12.93
25.11
14.48
13.17
23.01
14.97
32.91
7.26
9.08
18.23
15.43
30.12
11.52
5.39
12.43
14.92
5.21
12.1
11.8
4.2
14.97
4.98
10.61
13.17
12.76
28.15
5.87
29.96
16.79
14.56
10.14
28.15
36.96
36.77
44.72
29.26
5.91
15.43
33.64
34.95
28.96
9.73
15.47
11.75
11.86
17.41
23.0
28.15
4.55
11.86
3.87
10.2
38.41
28.96
38.41
11.33
17.41
56.17
8.88
8.88
15.66
4.39
17.57
5.21
44.72
12.93
13.92
17.41
48.06
4.52
9.25
30.16
31.14
38.41
11.62
16.21
17.16
5.52
14.56
4.39
15.39
18.23
5.39
13.0
5.39
32.91
14.42
14.48
17.41
5.69
28.15
13.12
4.98
11.29
14.73
16.49
14.56
9.18
19.9
15.47
32.43
9.25
16.79
38.41
56.17
37.23
17.57
32.43
32.68
23.01
9.3
5.96
10.95
17.16
33.64
10.61
13.12
28.96
36.96
37.23
56.17
14.73
5.21
16.21
16.21
36.96
5.58
14.17
13.46
13.86
32.91
6.67
15.52
22.11
32.91
12.49
15.52
17.41
44.72
16.79
15.52
36.96
30.64
17.57
3.65
34.45
29.99
10.36
17.98
36.77
17.41
17.41
36.96
21.78
2.58
36.77
21.14
29.26
13.86
20.77
56.17
13.86
47.49
11.41
32.91
12.93
29.26
18.39
29.99
30.64
25.29
14.73
9.08
32.91
29.26
15.45
9.18
37.23
44.72
11.52
37.23
11.29
32.43
14.56
11.0
9.3
16.21
33.64
19.9
5.91
25.76
12.43
34.45
56.17
4.02
9.18
17.93
48.06
13.89
5.91
12.93
11.8
15.41
10.61
29.96
14.65
29.26
16.69
11.41
32.91
19.71
9.3
14.92
12.4
28.96
13.61
16.79
5.21
17.41
30.16
14.56
36.77
15.41
28.9
12.08
36.96
25.91
12.93
16.79
5.19
15.91
14.01
13.12
34.95
30.16
22.8
6.48
5.5
14.33
28.96
52.54
12.09
32.16
11.61
18.39
34.95
23.01
32.91
10.95
13.46
11.33
12.09
19.71
32.16
16.79
5.19
4.18
16.69
28.88
12.4
36.96
27.26
15.54
12.78
24.41
29.81
4.1
5.18
17.98
10.01
28.88
9.94
18.39
24.52
32.35
32.91
18.39
6.39
15.41
5.18
10.87
16.21
14.65
10.28
13.87
13.89
36.96
6.14
12.93
10.14
16.11
37.23
7.23
32.16
13.12
15.47
36.96
18.39
12.36
14.42
29.26
37.23
14.17
12.43
12.93
6.67
15.2
38.41
34.95
32.91
14.01
62.24
13.0
9.51
5.5
14.24
17.41
18.39
7.25
12.93
28.15
5.91
14.17
23.01
5.54
16.79
4.55
14.92
14.28
10.36
13.17
11.62
14.42
36.96
32.43
14.17
13.68
12.93
9.29
14.56
36.96
24.41
9.51
24.52
16.21
25.91
12.43
4.52
36.96
36.96
12.12
36.77
22.11
9.18
5.93
29.26
16.79
12.93
26.98
36.96
5.91
16.49
12.33
28.15
11.62
15.66
17.93
25.11
44.72
8.52
6.0
9.18
15.26
31.14
12.74
30.16
2.0
12.4
10.28
17.16
24.95
14.56
28.96
17.41
10.95
17.93
18.3
17.98
44.72
14.92
5.91
10.86
11.86
38.41
16.79
29.26
14.11
19.71
17.41
17.93
31.08
12.43
11.98
32.91
17.16
10.01
7.25
13.12
32.35
18.39
32.91
13.12
37.23
5.13
20.77
23.0
17.98
13.92
17.41
28.15
10.2
2.73
14.48
9.38
37.23
62.24
32.91
36.96
2.0
15.24
11.42
12.74
4.2
13.86
28.96
10.01
12.09
11.74
5.96
13.0
12.93
9.18
17.41
9.3
5.18
14.72
12.93
11.33
14.33
6.02
28.96
19.9
17.41
13.12
37.23
17.57
36.96
22.11
38.41
29.26
36.96
34.95
11.33
24.15
34.95
18.23
37.23
5.93
13.12
6.67
34.95
36.77
17.41
25.11
36.96
36.96
18.39
38.41
12.93
14.97
13.17
34.95
14.48
5.39
18.39
21.14
32.58
10.92
43.63
14.48
30.16
29.26
3.36
2.58
29.26
40.05
14.65
18.23
32.43
29.96
32.58
11.98
12.93
48.06
29.26
37.23
14.56
16.79
9.51
14.48
14.56
3.07
1.75
17.98
22.31
14.48
24.15
14.72
9.3
18.23
22.31
32.91
24.41
12.09
3.87
18.23
12.4
23.01
15.41
28.47
36.96
20.77
33.64
13.86
37.23
62.24
18.23
5.21
32.91
32.43
13.12
16.11
20.77
17.98
4.2
10.87
14.48
9.38
14.48
14.48
14.28
38.41
28.96
32.35
9.3
14.56
34.95
30.16
22.31
5.54
14.56
13.12
13.67
9.88
7.25
5.52
11.98
17.93
29.07
16.79
11.61
28.96
11.31
34.95
18.35
10.2
14.28
17.41
6.48
13.12
36.96
14.48
11.29
14.72
12.93
2.58
30.64
14.33
13.12
11.75
10.87
16.49
10.95
28.96
18.3
9.18
13.17
5.21
37.23
14.42
15.94
2.0
28.96
2.73
13.89
3.65
28.15
17.41
12.4
37.23
14.65
16.79
14.56
29.26
10.01
17.16
13.43
12.93
38.41
34.45
15.91
32.91
34.95
28.88
18.23
17.62
11.61
18.3
6.02
17.57
12.49
13.86
11.07
48.18
24.95
14.42
16.11
12.93
14.65
29.96
25.91
10.28
15.52
2.0
14.48
1.37
29.96
6.67
9.3
24.41
25.33
13.0
14.56
16.79
18.39
15.52
13.86
37.23
15.54
9.18
16.21
13.17
12.4
14.56
5.21
14.33
16.79
9.3
13.86
9.88
32.91
26.98
15.52
36.96
32.91
37.23
37.23
36.96
5.52
15.91
22.8
34.95
5.54
25.29
44.72
11.98
3.36
13.17
19.71
3.65
7.26
9.25
44.72
31.08
25.76
10.95
36.77
22.31
4.52
12.43
14.01
13.12
6.48
21.14
2.73
15.24
14.56
12.93
28.96
13.12
32.35
11.29
12.93
14.65
18.39
26.32
5.39
28.96
32.35
14.01
36.96
32.91
30.64
28.96
6.14
14.48
23.01
29.81
12.6
25.43
15.45
4.71
9.29
15.54
14.72
22.31
6.93
2.0
36.77
16.79
10.36
12.33
21.17
9.18
32.35
9.3
29.07
11.52
9.51
13.86
7.25
11.42
20.77
5.39
32.35
10.61
19.71
14.33
2.0
11.98
6.67
36.96
11.42
34.95
20.77
23.01
48.18
29.26
25.29
22.11
28.45
12.93
14.56
32.91
14.28
4.55
9.3
38.41
17.93
12.6
25.45
36.96
12.93
12.93
14.72
14.56
36.96
23.01
11.41
18.35
8.88
11.02
28.77
14.42
29.26
32.43
34.95
30.16
12.78
36.96
5.96
15.47
13.17
36.96
44.72
29.26
14.91
30.64
28.96
17.16
31.14
5.96
32.16
9.18
4.39
14.28
34.95
10.2
14.73
23.01
14.72
10.86
16.79
11.0
28.88
9.73
12.4
13.89
28.15
13.0
32.91
12.74
28.96
4.98
12.43
18.39
9.51
33.64
34.95
14.91
28.47
52.54
37.23
29.26
13.86
12.93
5.21
38.41
14.01
17.41
14.48
32.91
20.77
12.43
1.75
6.93
17.41
10.95
34.45
11.31
11.75
14.48
12.6
7.13
9.3
9.3
6.39
56.17
24.15
17.57
16.21
32.68
23.01
14.48
44.72
28.96
33.64
32.91
13.12
24.41
20.77
16.79
13.87
5.18
17.41
12.93
12.43
11.75
5.18
20.77
2.0
29.96
18.39
36.77
12.93
11.48
29.26
24.82
10.14
9.18
7.13
10.01
28.96
36.96
18.39
14.97
11.31
14.33
30.12
7.44
28.96
5.13
5.73
7.26
34.95
16.11
7.44
32.35
30.16
15.43
27.76
32.35
4.97
37.23
13.86
48.06
12.93
13.92
36.77
28.15
14.48
14.56
9.3
16.79
15.91
16.79
25.43
14.56
15.54
31.14
13.12
13.89
5.19
14.65
22.31
14.91
28.77
12.93
30.31
7.92
52.54
44.72
29.26
5.18
13.68
1.37
25.43
5.21
15.2
22.31
11.98
9.3
44.72
28.96
12.93
36.96
36.96
15.52
29.26
13.17
17.62
4.97
15.39
16.21
12.33
15.52
14.01
10.14
17.57
23.01
11.31
9.3
27.21
28.15
5.91
6.02
28.15
17.57
9.3
17.16
24.15
5.21
15.54
36.96
4.55
15.41
17.41
15.66
4.39
17.41
13.86
15.24
9.18
8.5
29.26
16.79
14.48
12.4
12.74
48.18
28.96
13.86
11.33
27.26
17.98
28.45
29.26
29.26
32.68
11.98
13.86
9.3
19.71
28.88
37.23
18.39
36.77
10.87
32.35
9.08
28.96
13.12
4.71
17.62
14.72
12.43
14.48
34.95
15.52
12.4
28.96
14.56
23.0
2.71
34.95
36.96
14.42
21.14
28.96
36.96
14.72
14.65
27.26
12.74
9.18
56.17
37.23
16.69
14.24
28.96
6.48
10.14
28.96
25.11
20.77
6.39
14.17
44.72
16.79
4.39
13.86
28.15
12.08
4.2
16.79
18.39
29.26
38.41
9.18
13.12
18.39
34.95
14.33
14.65
31.08
17.57
4.55
16.79
16.49
12.74
29.26
27.21
12.4
9.3
32.35
44.72
13.12
31.08
17.41
10.28
30.31
15.52
37.23
17.41
36.96
15.43
13.87
44.72
13.86
18.39
9.18
14.56
14.56
7.92
13.92
16.21
30.64
28.37
26.98
12.93
34.95
13.86
11.29
32.35
29.26
32.16
6.14
22.31
37.23
19.71
12.93
12.76
37.23
5.18
14.48
16.79
23.01
28.45
14.01
13.86
16.79
9.08
5.18
37.23
32.91
16.79
14.01
25.33
34.95
28.88
34.45
15.54
5.5
19.9
45.93
37.23
9.18
12.4
13.17
37.23
16.79
36.77
17.41
24.82
32.35
34.45
34.95
14.17
4.97
14.65
24.15
4.55
34.95
29.07
53.89
11.33
11.31
18.39
4.71
14.72
29.07
43.63
12.43
2.91
24.15
14.48
6.02
16.79
16.79
12.93
14.28
3.87
20.77
5.57
10.86
11.75
13.12
18.23
14.56
16.79
9.74
2.0
5.39
40.05
14.42
25.11
14.97
17.57
36.96
28.96
14.33
5.21
37.23
15.45
29.07
32.58
8.88
18.39
14.83
12.43
12.43
16.79
36.96
37.23
17.16
9.51
11.33
15.91
32.91
13.86
28.96
18.39
17.41
15.52
17.93
37.23
32.91
17.57
14.72
32.91
14.48
36.96
14.92
19.71
31.08
13.61
13.92
10.83
34.95
37.23
12.43
32.35
14.56
15.43
12.12
10.2
14.56
18.35
7.44
4.52
14.01
9.3
36.96
31.27
13.12
43.63
25.11
7.25
31.14
12.49
9.88
5.21
17.93
22.31
16.21
23.0
15.91
14.48
24.15
13.12
34.95
34.95
24.15
13.86
13.17
2.58
11.52
33.64
5.5
13.86
9.18
9.18
18.23
9.3
12.43
14.28
11.48
13.86
12.93
12.93
36.77
11.29
19.9
36.96
12.6
10.28
4.52
12.74
36.96
11.12
8.88
37.23
9.18
4.52
25.43
29.99
13.12
12.93
12.78
17.41
28.96
14.72
5.96
31.08
32.91
18.35
20.77
29.99
22.31
11.86
14.48
13.0
21.78
5.13
22.31
32.35
31.08
32.16
32.91
37.23
12.93
37.23
14.73
28.45
10.36
14.28
2.99
36.77
10.14
28.96
13.17
29.26
12.09
15.52
25.11
14.01
14.65
13.86
4.39
23.01
20.77
13.43
28.15
32.91
9.3
6.0
37.23
17.41
13.67
5.96
4.52
28.45
34.95
2.58
28.15
14.56
11.29
15.54
12.12
29.96
14.97
12.93
10.01
37.23
16.79
18.3
16.21
13.86
12.93
34.95
11.06
13.43
33.64
29.26
6.14
14.56
28.96
18.3
16.79
32.91
28.96
18.3
32.35
17.41
28.15
44.72
37.23
11.8
10.92
7.25
28.15
28.96
5.2
28.96
5.92
14.56
24.41
28.88
14.28
6.93
44.72
31.27
5.96
17.93
14.65
38.41
28.15
4.52
12.93
24.15
34.95
11.98
17.41
14.42
16.79
2.73
28.96
34.45
36.96
17.62
5.93
10.14
10.61
11.52
36.77
16.11
26.98
14.01
34.95
28.15
20.77
44.72
32.91
13.86
4.55
29.26
12.36
62.24
16.79
5.73
17.41
19.71
12.74
5.57
11.33
14.56
9.08
12.93
13.86
16.79
2.1
18.39
36.96
28.37
14.48
30.64
18.39
14.0
11.31
32.35
32.91
28.15
17.98
12.6
37.23
28.37
14.56
19.9
17.57
45.93
36.96
13.12
14.56
10.2
25.11
9.3
22.8
14.56
13.87
25.11
16.79
32.35
12.33
23.01
34.45
18.3
24.82
5.57
47.68
15.39
36.96
34.95
9.3
14.01
14.65
32.35
11.74
28.45
5.69
14.83
7.92
9.18
13.87
25.76
47.68
14.72
19.71
14.83
25.91
13.86
17.41
34.95
18.23
14.56
14.48
62.24
5.5
6.02
13.86
29.99
17.57
36.96
14.48
31.08
10.28
28.47
23.01
5.21
16.69
37.23
19.71
11.29
15.52
28.45
14.56
7.2
24.15
14.97
16.11
23.01
19.9
3.36
12.93
16.79
32.91
10.28
12.78
17.41
27.76
10.83
14.56
7.16
30.31
16.79
37.23
2.58
34.95
37.23
22.31
14.28
28.15
56.17
4.55
15.39
37.23
16.79
13.86
2.1
2.0
29.07
29.26
7.16
31.08
18.39
14.56
17.41
13.89
38.41
24.41
17.57
21.14
13.46
14.11
32.35
18.39
14.42
6.0
9.18
36.96
28.88
9.3
28.47
3.87
14.11
2.0
36.77
32.35
15.52
14.48
18.23
7.25
11.9
37.23
2.0
37.23
3.87
10.28
4.55
17.57
11.33
28.96
5.39
33.64
9.3
10.92
28.15
14.17
8.5
11.31
44.72
10.87
4.1
29.26
29.96
11.98
20.77
29.26
11.8
28.88
15.52
7.25
40.29
27.26
16.11
23.0
36.96
22.31
17.16
14.48
22.58
32.35
37.23
14.56
16.49
28.88
9.3
13.86
30.31
17.62
11.33
29.26
9.08
14.48
31.08
31.14
34.95
25.43
14.33
13.12
32.91
32.35
24.41
24.82
14.72
14.33
11.31
36.96
38.41
37.23
14.48
28.96
17.16
43.63
36.96
15.2
28.15
56.17
17.98
36.96
12.93
28.47
18.35
22.8
12.93
36.96
11.29
32.43
16.21
5.13
12.4
12.93
12.09
14.56
36.96
10.2
9.3
28.96
32.91
2.0
12.76
24.82
5.5
5.87
29.26
15.41
27.76
4.39
11.52
4.52
36.96
5.21
24.15
16.79
16.69
12.93
10.23
18.39
5.91
10.95
14.72
16.79
28.45
13.68
7.25
29.26
16.72
14.56
2.0
28.96
14.28
12.12
12.93
32.91
23.01
5.58
48.06
28.96
28.96
2.91
11.31
13.12
16.21
15.24
36.77
17.98
13.61
7.26
13.46
18.3
10.83
14.0
13.67
9.3
17.41
9.18
5.57
15.26
6.02
11.48
16.79
20.77
16.79
36.96
30.12
28.96
6.19
56.17
13.1
29.26
32.35
14.0
13.12
14.01
23.01
17.41
9.18
16.11
11.52
12.93
36.96
9.3
13.86
6.19
4.39
14.48
13.0
32.35
18.3
36.77
9.3
10.36
17.16
17.57
14.65
36.77
19.9
4.52
26.32
29.26
14.73
29.26
36.96
32.43
17.41
22.31
10.83
14.48
15.24
47.68
40.05
43.63
36.77
5.21
11.31
17.41
28.96
13.12
14.65
32.91
48.18
14.28
6.19
16.49
13.86
14.01
31.14
12.36
14.42
32.35
15.54
10.14
36.96
9.3
14.72
16.49
14.83
19.71
29.26
28.96
10.61
15.26
34.95
62.24
18.39
37.23
17.62
6.19
32.91
17.41
29.81
21.14
5.96
25.76
16.79
34.95
13.46
9.38
11.33
5.21
18.39
22.58
10.2
13.12
14.72
30.16
29.26
17.16
15.52
37.23
5.21
29.07
7.25
15.94
37.23
14.97
11.52
32.91
10.28
10.01
18.3
9.18
34.95
10.2
29.26
2.0
20.77
32.91
14.73
14.65
30.16
11.98
10.14
16.79
17.93
17.41
18.39
22.58
12.93
6.67
10.28
10.86
14.48
13.17
22.8
6.48
44.72
17.41
34.95
9.08
9.3
13.87
14.97
17.16
16.79
10.23
5.21
12.93
9.3
4.55
36.96
5.13
6.0
37.23
13.86
28.15
18.39
17.98
5.21
12.4
4.71
17.41
12.43
17.41
15.52
15.43
14.92
36.77
23.01
2.1
8.88
28.15
15.41
13.86
9.3
28.96
4.02
56.17
31.08
12.74
15.47
28.96
17.41
10.61
44.72
19.71
4.55
10.95
56.17
10.87
28.96
34.95
5.96
13.86
12.93
25.45
6.84
12.93
12.49
28.37
22.58
15.26
28.96
37.23
11.07
18.39
13.86
13.0
12.6
17.93
14.92
13.12
5.52
5.69
34.95
32.91
32.35
14.56
12.93
16.79
38.41
25.45
28.96
26.32
15.91
24.41
5.21
15.47
12.08
12.43
2.71
16.79
10.61
37.23
12.09
4.98
15.91
27.26
26.03
36.96
14.24
16.72
12.93
28.96
24.52
22.8
16.79
23.01
23.0
30.12
48.06
16.49
9.51
15.47
36.96
13.86
18.39
17.41
18.39
28.88
22.58
30.12
22.31
23.01
2.0
37.23
17.41
6.67
34.95
29.07
18.39
18.39
23.01
12.09
36.96
11.31
6.67
29.96
19.71
29.81
44.72
21.14
11.31
9.94
17.93
4.52
7.26
29.26
32.91
18.35
12.76
14.72
4.1
9.18
23.01
10.01
37.23
6.39
9.3
12.93
1.75
16.79
33.64
17.41
14.72
16.79
13.0
28.47
10.36
40.05
34.95
47.68
25.43
14.97
34.95
32.35
13.92
6.14
11.33
9.25
14.56
48.06
5.39
23.01
9.88
18.39
9.18
32.35
11.8
15.47
17.16
29.07
17.41
10.36
16.79
11.9
12.36
38.41
12.93
9.3
12.4
14.92
17.41
14.01
25.43
10.36
21.17
12.4
7.26
16.79
12.93
17.16
4.52
17.41
4.2
14.73
20.77
2.0
18.39
9.18
11.31
14.42
11.33
12.09
14.33
2.0
2.99
13.1
22.31
25.29
13.86
15.52
29.07
36.96
10.61
11.06
17.62
29.26
11.48
10.28
12.6
14.42
14.24
33.64
15.52
13.46
17.16
32.35
14.42
27.26
37.23
19.71
18.23
43.63
15.52
14.56
36.96
13.12
5.21
28.15
31.08
14.56
16.79
18.39
29.26
4.52
11.8
12.74
11.02
4.2
18.39
16.21
13.12
14.65
34.95
14.65
36.96
15.52
28.15
5.87
29.26
16.79
14.56
16.21
17.57
13.92
31.08
16.49
11.33
30.64
4.39
18.39
18.39
22.31
25.91
14.92
12.93
14.01
7.2
33.64
32.35
32.91
11.33
27.26
22.31
5.39
17.93
9.18
21.17
28.77
18.39
29.07
32.68
2.0
20.77
12.36
14.56
15.91
5.73
15.52
17.16
26.03
18.3
36.96
14.56
13.86
15.52
28.88
3.65
28.15
11.52
14.56
34.45
38.41
32.91
14.83
28.15
1.75
13.86
36.96
14.48
12.12
32.68
11.02
10.28
4.1
25.43
4.1
4.52
43.63
13.92
12.93
28.9
12.4
24.41
15.47
2.99
48.18
24.95
38.41
13.87
14.42
17.93
