62813
27	43.92
42	43.39
10	21.16
35	21.12
15	21.05
33	20.45
17	39.02
27	19.41
640	38.09
21	19.3
69	18.79
84	19.05
18	18.97
78	18.96
216	37.37
10	18.82
231	18.69
35	37.43
89	37.41
14	37.41
78	37.37
35	37.01
49	54.89
110	17.99
55	17.98
416	17.87
196	17.78
14	35.41
11	17.65
20	17.56
43	17.51
120	17.48
11	17.34
13	69.27
34	51.61
10	17.18
13	17.17
50	34.15
433	34.02
161	16.99
109	50.62
44	16.97
357	16.89
17	33.85
72	33.32
63	16.88
412	16.31
521	39.33
88	33.69
28	33.62
57	16.68
128	48.75
134	30.49
68	33.27
18	26.29
20	33.19
19	16.57
93	16.45
74	32.64
38	32.95
89	65.45
68	32.07
1414	15.53
19	48.98
44	13.25
239	48.24
14	45.4
19	16.27
43	31.69
15	18.38
17	16.21
17	29.49
22	31.36
1445	13.98
11	16.01
32	32.01
40	15.98
53	15.75
23	30.18
177	7.03
11	7.61
84	15.92
1862	15.8
12	45.69
1415	8.36
95	29.54
19	31.71
349	30.78
44	7.92
178	15.83
131	38.13
10	47.18
260	9.51
380	4.02
27	30.8
109	62.1
252	13
10	31.3
257	9.83
1243	9.63
54	31.28
191	45.81
510	4.39
466	31.53
177	4.09
120	6.12
309	15.54
95	30.92
1730	15.44
94	89.16
57	30.12
68	45.03
68	15.26
11	26.7
80	15.25
13	30.48
16	7.62
23	30.45
1715	7.37
25	15.2
26	43.74
10	28.38
1119	6.92
11	21.97
78	28.66
45	15.1
118	55.78
840	19.21
17	15.04
96	15.04
61	29.8
159	15
172	118.07
683	86.73
25	12.68
34	7.46
44	28.62
174	13.4
16	14.4
65	14.85
12	29.66
14	29.64
15	14.78
64	28.98
27	7.36
11	28.09
23	14.34
39	14.65
13	14.65
18	58.58
40	28.89
16	14.62
15	42.38
36	14.61
32	29.21
10	14.59
20	28.43
98	14.49
19	26.82
36	13.33
11	14.53
104	7.27
13	7.26
438	10.61
11	14.51
46	7.25
16	14.48
19	14.45
20	21.6
128	14.4
801	8.09
47	28.71
22	9.46
46	14.32
22	41.65
11	28.6
18	18.25
138	13.98
86	14.24
47	41.93
12	94.86
136	14.13
14	11.14
10	14.16
34	41.71
17	14.14
14	14.12
91	28.05
15	14.08
40	21.1
30	7.03
21	28.06
13	13.21
54	27.73
55	13.77
14	13.96
75	6.91
56	5.22
34	13.91
13	6.95
15	27.79
13	41.68
28	13.83
119	13.65
41	13.82
103	27.4
44	27.57
18	13.78
20	13.77
211	13.75
68	27.43
63	6.84
73	27.37
26	27.1
90	6.8
27	13.4
13	27.3
44	13.62
34	41.98
12	27.14
16	25.84
46	13.53
107	12.29
43	13.36
35	24.29
232	9.23
36	6.73
12	13.46
191	6.59
17	78.36
12	6.96
37	26.01
21	13.36
112	13.35
105	13.27
19	24.2
10	6.66
73	26.46
77	25.05
26	26.46
22	6.64
34	13.17
14	6.63
21	6.63
15	23.8
20	10.24
15	25.52
10	13.2
26	26.34
79	13.17
13	15.19
19	13.86
20	57.39
15	13.13
340	6.35
22	13.12
91	25.5
13	7.05
64	26.17
109	12.93
47	12.93
242	12.89
125	12.74
194	11.94
25	6.52
137	25.69
42	6.52
29	19.53
56	12.03
32	26
12	13
52	34.63
29	19.64
47	6.46
390	25.7
156	25.68
149	5.28
14	6.41
88	12.67
36	12.81
94	6.34
23	12.79
10	12.78
176	12.76
18	9.53
32	6.35
89	12.69
289	38.86
15	12.67
52	25.1
138	24.56
19	12.65
22	17.82
148	25.29
94	18.76
41	12.63
53	6.3
11	6.3
69	12.59
48	12.58
34	21.27
22	16.57
144	12.57
26	11.58
68	12.5
13	10.09
26	6.48
224	6.18
12	6.22
96	6.12
18	24.84
23	24.8
69	117.94
159	11.13
14	61.99
11	9.23
115	24.6
14	11.86
35	12.28
40	12.26
19	12.24
14	5.9
11	24.45
148	12.14
49	23.68
14	12.21
17	23.69
69	12.2
194	18.07
37	12.17
58	12.04
12	22.27
32	12.1
26	12.1
52	6.04
27	5.93
108	23.51
27	6.02
12	12.03
148	11.94
24	53.63
85	11.99
15	47.87
10	11.96
38	11.94
17	5.97
81	23.76
81	23.44
21	50.65
15	23.74
214	11.79
25	5.93
20	20.73
31	23.67
78	5.88
42	20.56
328	22.78
11	23.61
14	5.9
49	11.55
80	5.89
29	11.78
25	39.17
41	23.2
14	11.73
32	21.79
14	5.86
48	11.64
64	11.7
32	17.55
21	5.85
77	10.76
32	5.82
65	11.64
47	11.63
70	11.62
52	5.8
39	5.8
48	10.15
33	11.59
33	11.57
17	5.78
53	11.55
32	23.09
19	17.32
167	23.09
42	11.12
31	11.48
21	20.21
258	22.53
52	5.73
12	11.45
17	5.72
61	11.38
19	11.43
128	11.42
20	11.42
31	73.1
106	5.71
86	11.39
232	16.95
10	40.38
33	5.69
26	5.58
17	11.35
23	11.34
12	5.67
19	10.88
66	5.66
35	5.65
124	22.27
20	11.29
25	5.64
16	5.64
96	5.63
22	44.04
15	5.63
117	11.23
24	47.78
34	11.23
59	5.62
110	10.31
23	11.2
28	22.37
44	11.11
84	11.09
10	11.14
90	11
30	10.74
92	11.1
10	5.54
16	8.3
14	22.07
35	10.8
13	13.56
15	11.02
19	5.49
95	5.46
14	5.46
63	10.86
12	10.9
109	10.85
18	24.52
40	16.28
11	15.78
17	10.8
13	10.79
140	21.4
26	10.76
11	8.06
25	5.37
38	5.36
12	10.7
45	5.35
23	5.34
11	10.69
30	21.37
10	5.34
44	5.34
107	15.97
32	21.21
86	5.32
17	54.29
25	53.34
42	10.6
13	5.3
21	10.59
147	28.15
11	5.29
39	10.56
14	5.27
25	10.53
13	5.27
28	37.78
33	10.5
52	10.09
36	5.24
146	10.49
25	15.7
47	10.45
30	39.89
13	5.22
32	10.28
11	5.22
14	7.82
30	5.21
18	10.39
29	5.19
33	5.11
15	10.36
77	5.13
11	18.29
11	10.31
121	15.47
32	5.16
65	10.31
13	16.24
14	7.72
17	15.43
16	5.14
17	5.14
14	2.56
49	10.25
11	10.22
13	10.22
15	18.04
45	5.11
11	5.1
28	10.21
15	2.55
45	10.06
26	9.77
13	17.98
72	15.24
14	10.15
14	19.94
15	20.27
14	5.06
46	5.06
26	10.12
96	10.35
29	5.06
30	10.07
36	5.03
503	9.71
35	5.01
30	9.99
13	9.99
39	9.8
10	37.93
23	16.68
107	4.82
13	4.97
10	9.94
21	9.94
88	9.79
98	19.85
33	9.87
74	19.56
112	9.74
34	39.46
24	9.2
40	22.15
21	31.7
13	4.88
66	9.69
14	4.88
76	9.75
34	9.53
23	17.36
19	4.87
18	4.85
18	4.84
27	9.41
44	4.84
18	9.66
47	9.57
33	11.92
38	4.51
28	4.76
47	4.76
42	4.76
117	4.65
36	4.68
40	4.74
16	4.73
29	4.72
16	4.72
40	24.16
14	9.38
25	4.59
44	9.35
13	16.35
11	9.33
58	9.13
15	4.64
12	4.62
15	2.3
10	4.6
17	4.45
12	9.17
10	9.16
11	8.53
19	4.56
17	4.55
33	4.54
57	9.04
11	9.02
15	4.51
10	4.49
10	2.25
34	4.48
12	8.96
43	33.57
30	8.92
22	4.45
11	8.9
1091	8.88
27	8.87
20	4.43
17	4.29
18	4.4
12	27.27
14	4.39
40	8.77
21	8.75
14	8.43
11	6.75
10	4.36
16	4.36
19	4.36
32	17.13
52	4.31
25	4.32
79	9.66
42	8.49
29	4.29
21	4.28
21	8.53
18	4.26
34	4.25
73	4.24
16	8.48
11	8.46
15	12.81
15	4.21
10	2.1
22	8.4
36	8.37
21	8.37
15	4.16
14	4.16
10	14.75
10	4.15
17	4.14
10	3.5
46	4.1
14	4.1
19	8.16
41	8.16
30	4.06
10	4.05
10	8.09
17	4.04
72	8.04
26	4.01
11	4
14	5.99
25	3.99
38	3.98
10	3.98
26	7.93
10	5.92
12	3.94
24	3.94
32	7.85
14	3.9
37	49.39
12	7.79
30	7.77
32	3.88
77	7.51
11	3.86
26	7.67
12	7.67
41	3.82
168	16.51
14	3.79
51	7.57
15	3.77
26	14.98
53	3.71
14	3.71
19	3.71
39	3.69
10	14.7
24	7.33
11	3.67
19	7.29
15	3.62
10	3.61
26	3.58
36	6.88
11	3.56
13	3.56
12	3.53
382	1.79
20	3.52
27	6.84
17	7.02
27	3.48
39	3.48
3431	1.74
15	3.47
12	20.14
25	3.45
68	13.78
37	3.44
12	6.85
12	3.42
11	1.69
20	3.35
10	6.65
16	3.31
11	3.27
10	6.54
10	1.63
11	6.45
14	3.15
11	1.56
10	3.09
16	3.02
14	3.01
32	10.44
37	3.01
15	2.99
12	2.99
134	11.72
24	2.9
135	11.47
10	2.94
10	4.7
10	2.94
13	3.61
30	2.93
35	5.85
34	2.84
12	5.75
20	5.66
13	2.83
1174	5.53
15	1.41
16	11.22
14	2.7
14	2.68
39	2.74
12	2.76
12	2.17
11	2.71
27	2
15	2.68
59	2.58
32	1.98
22	2.28
13	2.57
24	1.28
20	2.27
12	8.59
13	9.42
10	7.96
1487	4.59
15	2.44
39	2.3
14	1.63
16	2.27
46	9.02
12	2.31
13	1.82
759	5.93
17	2.21
79	8.59
25	4.18
64	3.98
413	3.5
16	1.9
203	3.2
14	3.35
10	1.65
14	3.05
145	2.4
40	1.59
30	2.89
18	1.39
32	1.36
27	2.67
51	2.13
238	1.91
122	0.27
